0.000
-0.063
-0.145
-0.306
-0.624
-0.812
-0.994
-1.287
-1.585
-1.886
-2.187
-2.487
-2.786
-3.083
-3.377
-3.668
-3.956
-4.239
-4.519
-4.793
-5.063
-5.328
-5.588
-5.841
-6.089
-6.331
-6.566
-6.795
-7.017
-7.232
-7.439
-7.639
-7.831
-8.016
-8.192
-8.360
-8.520
-8.671
-8.813
-8.947
-9.072
-9.187
-9.344
-9.496
-9.626
-9.726
-9.790
-9.818
-9.807
-9.757
-9.668
-9.541
-9.375
-9.172
-8.932
-8.657
-8.346
-8.002
-7.626
-7.219
-6.783
-6.319
-5.830
-5.317
-4.783
-4.229
-3.658
-3.072
-2.473
-1.864
-1.247
-0.624
0.002
0.628
0.899
1.050
1.210
1.542
2.268
3.969
6.215
8.982
12.246
15.979
20.152
24.731
29.684
34.973
40.563
46.413
52.485
58.737
65.128
71.615
78.157
84.711
91.233
97.681
104.014
110.188
116.164
121.901
127.360
132.504
137.296
141.701
145.687
149.221
152.276
154.822
156.837
158.296
159.180
159.472
159.156
158.220
156.654
154.452
151.609
148.125
144.001
139.241
133.853
127.847
121.236
114.036
106.265
97.944
89.097
79.749
69.930
59.670
49.002
37.964
26.594
14.938
8.930
5.897
5.518
5.331
5.147
4.790
4.117
3.481
2.882
2.316
1.781
1.276
0.800
0.349
-0.076
-0.478
-0.859
-1.218
-1.558
-2.165
-2.711
-3.202
-3.645
-4.044
-4.405
-4.732
-5.028
-5.297
-5.542
-5.765
-5.969
-6.306
-6.594
-6.844
-7.063
-7.257
-7.430
-7.586
-7.728
-7.945
-8.143
-8.326
-8.497
-8.655
-8.804
-8.942
-9.070
-9.188
-9.297
-9.443
-9.582
-9.698
-9.782
-9.831
-9.842
-9.815
-9.750
-9.645
-9.502
-9.321
-9.103
-8.849
-8.559
-8.234
-7.877
-7.488
-7.069
-6.621
-6.147
-5.648
-5.127
-4.584
-4.023
-3.446
-2.854
-2.251
-1.638
-1.018
-0.394
0.232
0.858
1.481
2.099
2.709
3.309
3.896
4.468
5.024
5.560
5.925
6.157
6.413
6.694
7.300
8.688
10.450
12.550
14.951
17.613
20.496
23.560
26.761
30.060
33.413
36.779
40.117
43.386
46.546
49.558
52.383
54.985
57.329
59.380
61.108
62.480
63.470
64.051
64.200
63.894
63.115
61.847
60.075
57.787
54.977
51.637
47.765
43.361
38.427
32.971
27.000
20.530
13.579
9.837
7.903
6.929
6.689
6.455
6.228
5.799
5.393
5.009
4.645
4.301
3.683
3.126
2.622
2.165
1.751
1.374
1.030
0.716
0.428
0.164
-0.080
-0.305
-0.680
-1.011
-1.307
-1.573
-1.816
-2.041
-2.251
-2.448
-2.636
-2.815
-3.103
-3.391
-3.678
-3.963
-4.246
-4.524
-4.799
-5.069
-5.334
-5.594
-5.848
-6.097
-6.339
-6.575
-6.805
-7.027
-7.243
-7.451
-7.652
-7.846
-8.031
-8.208
-8.377
-8.538
-8.690
-8.834
-8.968
-9.094
-9.211
-9.369
-9.523
-9.656
-9.758
-9.825
-9.854
-9.846
-9.798
-9.712
-9.587
-9.424
-9.223
-8.986
-8.712
-8.404
-8.062
-7.687
-7.282
-6.848
-6.386
-5.898
-5.387
-4.854
-4.301
-3.731
-3.146
-2.548
-1.939
-1.322
-0.700
-0.074
0.552
1.177
1.797
2.411
3.016
3.610
4.189
4.753
5.298
5.823
6.325
6.803
7.108
7.293
7.497
7.720
8.202
9.308
10.718
12.393
14.295
16.383
18.616
20.954
23.354
25.777
28.181
30.526
32.773
34.884
36.821
38.548
40.031
41.238
42.136
42.697
42.894
42.702
42.098
41.061
39.575
37.624
35.195
32.278
28.868
24.959
20.552
15.652
10.276
8.791
8.034
7.654
7.466
7.283
7.105
6.768
6.449
5.878
5.361
4.893
4.469
4.082
3.730
3.409
3.114
2.843
2.594
2.364
2.150
1.793
1.476
1.191
0.931
0.692
0.469
0.259
0.060
-0.131
-0.437
-0.745
-1.054
-1.363
-1.671
-1.978
-2.283
-2.586
-2.887
-3.184
-3.479
-3.770
-4.057
-4.340
-4.619
-4.893
-5.162
-5.426
-5.684
-5.937
-6.183
-6.424
-6.658
-6.885
-7.106
-7.319
-7.525
-7.724
-7.915
-8.098
-8.272
-8.439
-8.597
-8.746
-8.887
-9.019
-9.142
-9.256
-9.410
-9.559
-9.685
-9.781
-9.842
-9.866
-9.851
-9.798
-9.706
-9.575
-9.405
-9.199
-8.955
-8.676
-8.363
-8.015
-7.636
-7.226
-6.787
-6.321
-5.830
-5.315
-4.779
-4.224
-3.651
-3.063
-2.464
-1.853
-1.236
-0.612
0.014
0.640
1.264
1.884
2.496
3.100
3.691
4.268
4.829
5.371
5.893
6.391
6.865
7.312
7.732
8.066
8.469
8.940
9.997
11.295
12.796
14.459
16.245
18.113
20.022
21.931
23.801
25.593
27.268
28.790
30.121
31.229
32.079
32.641
32.885
32.785
32.314
31.451
30.175
28.468
26.315
23.703
20.623
17.070
13.044
8.584
7.965
7.812
7.663
7.382
6.877
6.420
6.005
5.628
5.284
4.970
4.683
4.418
4.175
3.950
3.575
3.244
2.948
2.680
2.435
2.207
1.994
1.792
1.599
1.413
1.113
0.808
0.500
0.189
-0.122
-0.434
-0.746
-1.058
-1.368
-1.678
-1.985
-2.291
-2.594
-2.895
-3.193
-3.487
-3.778
-4.065
-4.349
-4.627
-4.901
-5.170
-5.434
-5.693
-5.945
-6.192
-6.433
-6.667
-6.894
-7.115
-7.328
-7.534
-7.733
-7.923
-8.106
-8.281
-8.448
-8.606
-8.755
-8.896
-9.028
-9.151
-9.264
-9.419
-9.567
-9.694
-9.790
-9.851
-9.875
-9.860
-9.806
-9.714
-9.583
-9.414
-9.207
-8.964
-8.685
-8.371
-8.024
-7.645
-7.235
-6.796
-6.330
-5.839
-5.324
-4.787
-4.232
-3.659
-3.072
-2.472
-1.862
-1.244
-0.621
0.005
0.632
1.256
1.875
2.488
3.091
3.683
4.260
4.821
5.363
5.885
6.383
6.857
7.304
7.723
8.112
8.406
8.760
9.175
10.102
11.239
12.546
13.983
15.511
17.089
18.677
20.235
21.724
23.107
24.346
25.405
26.250
26.849
27.170
27.183
26.863
26.183
25.122
23.659
21.776
19.459
16.696
13.483
9.828
8.786
8.259
8.128
8.001
7.760
7.328
6.936
6.580
6.254
5.957
5.685
5.434
5.204
4.990
4.634
4.318
4.036
3.780
3.545
3.326
3.120
2.925
2.738
2.436
2.132
1.825
1.516
1.205
0.893
0.580
0.267
-0.047
-0.360
-0.673
-0.986
-1.297
-1.607
-1.916
-2.222
-2.526
-2.827
-3.126
-3.421
-3.713
-4.001
-4.286
-4.565
-4.841
-5.111
-5.376
-5.636
-5.890
-6.138
-6.381
-6.616
-6.845
-7.068
-7.283
-7.491
-7.691
-7.884
-8.069
-8.245
-8.414
-8.574
-8.726
-8.869
-9.003
-9.128
-9.244
-9.402
-9.555
-9.686
-9.787
-9.852
-9.881
-9.871
-9.823
-9.735
-9.609
-9.444
-9.242
-9.004
-8.729
-8.419
-8.076
-7.701
-7.295
-6.859
-6.397
-5.908
-5.396
-4.863
-4.310
-3.739
-3.153
-2.555
-1.946
-1.329
-0.706
-0.080
0.546
1.171
1.791
2.405
3.009
3.602
4.182
4.745
5.289
5.814
6.315
6.792
7.243
7.665
8.057
8.420
8.700
9.033
9.420
10.279
11.317
12.495
13.775
15.115
16.476
17.819
19.105
20.295
21.353
22.243
22.929
23.381
23.565
23.453
23.018
22.234
21.080
19.533
17.578
15.200
12.392
9.172
8.297
8.083
7.879
7.513
7.179
6.875
6.597
6.342
6.107
5.890
5.529
5.211
4.927
4.671
4.436
4.219
4.016
3.823
3.638
3.342
3.042
2.740
2.436
2.130
1.821
1.511
1.200
0.888
0.574
0.261
-0.053
-0.367
-0.680
-0.992
-1.304
-1.614
-1.922
-2.228
-2.532
-2.834
-3.132
-3.428
-3.720
-4.008
-4.292
-4.572
-4.847
-5.117
-5.383
-5.642
-5.897
-6.145
-6.387
-6.623
-6.852
-7.074
-7.289
-7.497
-7.698
-7.890
-8.075
-8.252
-8.420
-8.581
-8.732
-8.875
-9.009
-9.134
-9.250
-9.408
-9.561
-9.692
-9.793
-9.859
-9.887
-9.877
-9.829
-9.741
-9.615
-9.451
-9.249
-9.010
-8.735
-8.426
-8.083
-7.707
-7.301
-6.866
-6.403
-5.915
-5.403
-4.869
-4.316
-3.745
-3.159
-2.561
-1.952
-1.335
-0.712
-0.086
0.540
1.165
1.785
2.399
3.003
3.596
4.176
4.739
5.283
5.807
6.309
6.786
7.237
7.659
8.051
8.412
8.782
9.080
9.427
9.820
10.674
11.671
12.773
13.941
15.133
16.312
17.438
18.473
19.381
20.126
20.673
20.990
21.045
20.810
20.256
19.360
18.099
16.453
14.406
11.948
9.100
8.687
8.486
8.294
8.112
7.785
7.486
7.213
6.963
6.732
6.520
6.166
5.855
5.579
5.329
5.100
4.888
4.690
4.502
4.322
4.033
3.741
3.446
3.148
2.848
2.544
2.239
1.931
1.622
1.311
0.999
0.686
0.373
0.059
-0.255
-0.568
-0.881
-1.193
-1.503
-1.812
-2.119
-2.424
-2.727
-3.026
-3.323
-3.616
-3.906
-4.192
-4.473
-4.750
-5.022
-5.289
-5.551
-5.808
-6.058
-6.303
-6.541
-6.772
-6.997
-7.215
-7.426
-7.629
-7.824
-8.012
-8.192
-8.364
-8.527
-8.682
-8.828
-8.966
-9.094
-9.214
-9.324
-9.473
-9.615
-9.735
-9.824
-9.878
-9.894
-9.872
-9.811
-9.712
-9.573
-9.397
-9.184
-8.933
-8.648
-8.327
-7.974
-7.589
-7.174
-6.729
-6.259
-5.763
-5.244
-4.704
-4.145
-3.569
-2.979
-2.377
-1.765
-1.146
-0.522
0.104
0.730
1.354
1.972
2.583
3.185
3.774
4.348
4.905
5.444
5.961
6.455
6.924
7.366
7.779
8.162
8.513
8.843
9.105
9.411
9.761
10.523
11.419
12.409
13.456
14.518
15.558
16.537
17.418
18.163
18.738
19.110
19.244
19.112
18.685
17.937
16.843
15.383
13.539
11.301
9.965
9.245
8.874
8.691
8.517
8.351
8.052
7.779
7.529
7.299
7.087
6.735
6.427
6.153
5.906
5.681
5.473
5.279
5.095
4.802
4.510
4.218
3.925
3.630
3.333
3.033
2.730
2.426
2.119
1.811
1.501
1.189
0.877
0.564
0.250
-0.064
-0.377
-0.690
-1.003
-1.314
-1.624
-1.933
-2.239
-2.543
-2.844
-3.143
-3.438
-3.730
-4.018
-4.303
-4.582
-4.858
-5.128
-5.393
-5.653
-5.907
-6.155
-6.397
-6.633
-6.862
-7.084
-7.300
-7.508
-7.708
-7.901
-8.086
-8.262
-8.431
-8.591
-8.743
-8.886
-9.020
-9.145
-9.261
-9.419
-9.572
-9.703
-9.803
-9.869
-9.898
-9.888
-9.839
-9.752
-9.625
-9.461
-9.259
-9.020
-8.745
-8.436
-8.093
-7.717
-7.311
-6.876
-6.413
-5.925
-5.413
-4.879
-4.326
-3.755
-3.170
-2.571
-1.962
-1.345
-0.722
-0.097
0.530
1.155
1.775
2.389
2.993
3.586
4.166
4.729
5.273
5.797
6.299
6.776
7.227
7.649
8.041
8.402
8.731
9.074
9.343
9.653
10.332
11.139
12.036
12.983
13.941
14.872
15.738
16.502
17.126
17.577
17.821
17.826
17.562
17.002
16.119
14.891
13.298
11.328
9.020
8.696
8.401
8.132
7.885
7.659
7.451
7.104
6.801
6.532
6.291
6.070
5.867
5.676
5.497
5.210
4.925
4.639
4.352
4.062
3.770
3.475
3.177
2.876
2.573
2.268
1.961
1.651
1.341
1.029
0.716
0.403
0.089
-0.225
-0.538
-0.851
-1.163
-1.474
-1.783
-2.090
-2.396
-2.698
-2.998
-3.295
-3.589
-3.879
-4.165
-4.447
-4.725
-4.998
-5.266
-5.528
-5.785
-6.036
-6.282
-6.520
-6.753
-6.979
-7.197
-7.409
-7.613
-7.810
-7.998
-8.179
-8.352
-8.516
-8.672
-8.820
-8.958
-9.088
-9.208
-9.320
-9.471
-9.615
-9.737
-9.828
-9.885
-9.903
-9.884
-9.825
-9.728
-9.592
-9.418
-9.207
-8.959
-8.676
-8.358
-8.006
-7.623
-7.209
-6.767
-6.298
-5.803
-5.286
-4.747
-4.189
-3.614
-3.025
-2.424
-1.813
-1.194
-0.570
0.056
0.682
1.306
1.925
2.537
3.138
3.728
4.304
4.862
5.402
5.921
6.416
6.887
7.331
7.746
8.130
8.483
8.803
9.118
9.365
9.650
9.970
10.659
11.448
12.299
13.173
14.032
14.837
15.551
16.138
16.562
16.790
16.789
16.529
15.983
15.123
13.928
12.377
10.462
9.310
8.999
8.847
8.702
8.564
8.314
8.085
7.875
7.526
7.222
6.953
6.712
6.493
6.292
6.104
5.927
5.645
5.366
5.086
4.805
4.522
4.236
3.946
3.654
3.358
3.060
2.759
2.455
2.149
1.841
1.531
1.220
0.908
0.595
