0.000
0.000
0.000
0.000
0.001
0.001
0.001
0.002
0.003
0.004
0.005
0.006
0.007
0.009
0.011
0.012
0.014
0.017
0.019
0.021
0.024
0.026
0.029
0.032
0.035
0.038
0.042
0.045
0.048
0.052
0.056
0.060
0.064
0.068
0.072
0.076
0.080
0.084
0.089
0.093
0.098
0.102
0.112
0.121
0.131
0.141
0.150
0.160
0.170
0.180
0.189
0.199
0.208
0.217
0.226
0.235
0.243
0.251
0.259
0.266
0.273
0.279
0.285
0.290
0.295
0.299
0.303
0.306
0.309
0.310
0.312
0.312
0.312
0.312
0.311
0.311
0.311
0.311
0.311
0.310
0.309
0.308
0.306
0.305
0.304
0.302
0.301
0.299
0.297
0.295
0.293
0.290
0.288
0.285
0.282
0.279
0.275
0.272
0.268
0.264
0.260
0.255
0.250
0.246
0.240
0.235
0.229
0.224
0.218
0.211
0.205
0.198
0.192
0.185
0.178
0.171
0.164
0.156
0.149
0.141
0.134
0.126
0.119
0.111
0.104
0.096
0.089
0.082
0.074
0.067
0.060
0.054
0.047
0.041
0.034
0.029
0.026
0.024
0.024
0.024
0.024
0.024
0.024
0.023
0.023
0.023
0.023
0.023
0.023
0.023
0.023
0.023
0.023
0.023
0.023
0.023
0.024
0.024
0.024
0.025
0.025
0.026
0.027
0.027
0.028
0.029
0.029
0.031
0.033
0.034
0.036
0.038
0.040
0.042
0.044
0.048
0.052
0.056
0.060
0.064
0.069
0.073
0.078
0.082
0.087
0.096
0.106
0.116
0.125
0.135
0.145
0.155
0.165
0.174
0.184
0.193
0.202
0.211
0.220
0.228
0.236
0.243
0.250
0.257
0.263
0.269
0.274
0.278
0.282
0.286
0.289
0.291
0.292
0.293
0.294
0.294
0.293
0.291
0.289
0.286
0.283
0.279
0.275
0.270
0.264
0.261
0.260
0.258
0.257
0.254
0.248
0.242
0.236
0.230
0.223
0.217
0.211
0.204
0.198
0.191
0.184
0.178
0.171
0.164
0.157
0.149
0.142
0.135
0.127
0.120
0.112
0.104
0.097
0.089
0.081
0.073
0.065
0.058
0.050
0.042
0.034
0.026
0.018
0.011
0.003
-0.004
-0.011
-0.019
-0.022
-0.024
-0.025
-0.025
-0.025
-0.025
-0.026
-0.026
-0.026
-0.027
-0.027
-0.027
-0.028
-0.028
-0.028
-0.029
-0.029
-0.029
-0.029
-0.029
-0.029
-0.029
-0.029
-0.029
-0.029
-0.028
-0.028
-0.027
-0.027
-0.026
-0.026
-0.025
-0.024
-0.023
-0.021
-0.019
-0.017
-0.015
-0.013
-0.011
-0.008
-0.005
-0.003
0.000
0.003
0.007
0.010
0.013
0.017
0.020
0.024
0.028
0.032
0.036
0.040
0.044
0.048
0.053
0.057
0.062
0.066
0.071
0.080
0.090
0.099
0.109
0.119
0.129
0.138
0.148
0.158
0.167
0.177
0.186
0.195
0.204
0.212
0.220
0.228
0.235
0.242
0.248
0.254
0.260
0.264
0.269
0.272
0.276
0.278
0.280
0.281
0.282
0.282
0.282
0.280
0.279
0.276
0.273
0.270
0.265
0.261
0.255
0.249
0.243
0.236
0.233
0.231
0.229
0.227
0.224
0.217
0.209
0.202
0.194
0.187
0.180
0.172
0.164
0.157
0.149
0.141
0.133
0.125
0.117
0.109
0.101
0.093
0.085
0.077
0.068
0.060
0.052
0.044
0.035
0.027
0.019
0.011
0.003
-0.005
-0.013
-0.021
-0.029
-0.031
-0.032
-0.032
-0.033
-0.033
-0.033
-0.033
-0.034
-0.035
-0.035
-0.036
-0.036
-0.037
-0.037
-0.038
-0.038
-0.039
-0.039
-0.039
-0.040
-0.040
-0.040
-0.041
-0.041
-0.041
-0.041
-0.041
-0.041
-0.041
-0.041
-0.041
-0.040
-0.039
-0.039
-0.038
-0.036
-0.035
-0.034
-0.032
-0.030
-0.029
-0.027
-0.024
-0.022
-0.020
-0.017
-0.014
-0.012
-0.009
-0.005
-0.002
0.001
0.004
0.008
0.012
0.015
0.019
0.023
0.027
0.031
0.036
0.040
0.044
0.049
0.053
0.058
0.062
0.072
0.081
0.091
0.101
0.111
0.120
0.130
0.140
0.150
0.159
0.169
0.178
0.187
0.195
0.204
0.212
0.219
0.227
0.233
0.240
0.246
0.251
0.256
0.260
0.263
0.267
0.269
0.271
0.272
0.273
0.273
0.272
0.271
0.269
0.266
0.263
0.260
0.255
0.250
0.245
0.239
0.233
0.226
0.219
0.211
0.207
0.203
0.199
0.191
0.183
0.175
0.167
0.159
0.151
0.143
0.135
0.126
0.118
0.110
0.101
0.093
0.084
0.076
0.067
0.059
0.050
0.042
0.033
0.025
0.016
0.008
-0.001
-0.009
-0.018
-0.026
-0.034
-0.035
-0.035
-0.035
-0.036
-0.037
-0.037
-0.038
-0.039
-0.040
-0.040
-0.041
-0.041
-0.042
-0.042
-0.043
-0.044
-0.045
-0.045
-0.046
-0.047
-0.047
-0.048
-0.048
-0.048
-0.049
-0.049
-0.050
-0.050
-0.050
-0.049
-0.049
-0.048
-0.048
-0.047
-0.046
-0.045
-0.044
-0.042
-0.040
-0.039
-0.037
-0.035
-0.033
-0.030
-0.028
-0.025
-0.023
-0.020
-0.017
-0.014
-0.011
-0.007
-0.004
-0.000
0.003
0.007
0.011
0.015
0.019
0.023
0.027
0.032
0.036
0.041
0.045
0.050
0.054
0.064
0.073
0.083
0.093
0.102
0.112
0.122
0.132
0.142
0.151
0.161
0.170
0.179
0.187
0.196
0.204
0.211
0.219
0.225
0.232
0.238
0.243
0.248
0.252
0.255
0.259
0.261
0.263
0.264
0.265
0.265
0.264
0.263
0.261
0.258
0.255
0.252
0.247
0.243
0.237
0.231
0.225
0.218
0.211
0.203
0.195
0.191
0.187
0.183
0.174
0.166
0.158
0.149
0.141
0.132
0.124
0.115
0.106
0.098
0.089
0.081
0.072
0.063
0.054
0.046
0.037
0.028
0.019
0.011
0.002
-0.007
-0.015
-0.024
-0.032
-0.034
-0.035
-0.036
-0.036
-0.036
-0.037
-0.038
-0.039
-0.040
-0.041
-0.041
-0.042
-0.043
-0.043
-0.044
-0.045
-0.046
-0.047
-0.048
-0.049
-0.050
-0.051
-0.051
-0.053
-0.054
-0.055
-0.055
-0.056
-0.056
-0.057
-0.057
-0.057
-0.057
-0.056
-0.056
-0.055
-0.054
-0.053
-0.052
-0.051
-0.050
-0.048
-0.046
-0.044
-0.042
-0.040
-0.038
-0.036
-0.033
-0.030
-0.028
-0.025
-0.022
-0.018
-0.015
-0.012
-0.008
-0.005
-0.001
0.003
0.007
0.011
0.015
0.019
0.024
0.028
0.032
0.037
0.041
0.046
0.055
0.065
0.075
0.084
0.094
0.104
0.114
0.124
0.133
0.143
0.152
0.162
0.171
0.179
0.188
0.196
0.204
0.211
0.218
0.224
0.230
0.235
0.240
0.244
0.248
0.251
0.254
0.256
0.257
0.258
0.258
0.257
0.256
0.254
0.252
0.249
0.245
0.241
0.236
0.231
0.225
0.219
0.212
0.205
0.197
0.189
0.181
0.177
0.172
0.168
0.159
0.151
0.142
0.134
0.125
0.116
0.107
0.099
0.090
0.081
0.072
0.063
0.054
0.045
0.036
0.027
0.019
0.010
0.001
-0.008
-0.017
-0.025
-0.034
-0.036
-0.037
-0.037
-0.038
-0.039
-0.040
-0.041
-0.041
-0.042
-0.043
-0.044
-0.046
-0.047
-0.048
-0.049
-0.050
-0.051
-0.052
-0.053
-0.055
-0.056
-0.058
-0.059
-0.060
-0.061
-0.062
-0.062
-0.063
-0.063
-0.063
-0.063
-0.063
-0.063
-0.062
-0.061
-0.061
-0.060
-0.059
-0.057
-0.056
-0.054
-0.053
-0.051
-0.049
-0.047
-0.044
-0.042
-0.039
-0.037
-0.034
-0.031
-0.028
-0.025
-0.021
-0.018
-0.014
-0.011
-0.007
-0.003
0.001
0.005
0.009
0.013
0.017
0.022
0.026
0.031
0.035
0.040
0.049
0.059
0.068
0.078
0.088
0.098
0.108
0.118
0.127
0.137
0.146
0.156
0.165
0.173
0.182
0.190
0.197
0.205
0.212
0.218
0.224
0.229
0.234
0.238
0.242
0.245
0.248
0.250
0.251
0.252
0.252
0.251
0.250
0.248
0.246
0.243
0.239
0.235
0.231
0.225
0.219
0.213
0.206
0.199
0.191
0.183
0.175
0.166
0.162
0.158
0.153
0.144
0.136
0.127
0.118
0.109
0.100
0.091
0.082
0.073
0.064
0.055
0.046
0.037
0.028
0.019
0.010
0.001
-0.008
-0.017
-0.026
-0.034
-0.036
-0.036
-0.037
-0.037
-0.038
-0.039
-0.040
-0.041
-0.042
-0.042
-0.044
-0.045
-0.047
-0.048
-0.049
-0.051
-0.052
-0.053
-0.054
-0.056
-0.058
-0.060
-0.061
-0.063
-0.064
-0.065
-0.066
-0.067
-0.067
-0.068
-0.068
-0.069
-0.069
-0.068
-0.068
-0.068
-0.067
-0.066
-0.066
-0.064
-0.063
-0.062
-0.060
-0.059
-0.057
-0.055
-0.053
-0.051
-0.048
-0.046
-0.043
-0.040
-0.037
-0.034
-0.031
-0.028
-0.025
-0.021
-0.018
-0.014
-0.010
-0.006
-0.002
0.002
0.006
0.010
0.015
0.019
0.024
0.028
0.033
0.037
0.047
0.056
0.066
0.076
0.086
0.096
0.106
0.115
0.125
0.135
0.144
0.153
0.162
0.171
0.179
0.187
0.194
0.202
0.208
0.215
0.220
0.226
0.230
0.234
0.238
0.241
0.243
0.245
0.246
0.247
0.247
0.246
0.245
0.243
0.240
0.237
0.233
0.229
0.224
0.218
0.212
0.206
0.199
0.192
0.184
0.176
0.167
0.158
0.154
0.149
0.145
0.136
0.127
0.118
0.109
0.100
0.091
0.082
0.073
0.064
0.055
0.045
0.036
0.027
0.018
0.009
-0.000
-0.009
-0.018
-0.027
-0.031
-0.034
-0.035
-0.035
-0.036
-0.036
-0.037
-0.038
-0.039
-0.040
-0.041
-0.043
-0.044
-0.046
-0.047
-0.049
-0.050
-0.052
-0.053
-0.055
-0.057
-0.060
-0.062
-0.063
-0.065
-0.067
-0.068
-0.069
-0.070
-0.071
-0.072
-0.072
-0.073
-0.073
-0.073
-0.073
-0.073
-0.073
-0.072
-0.072
-0.071
-0.070
-0.069
-0.067
-0.066
-0.065
-0.063
-0.061
-0.059
-0.057
-0.055
-0.052
-0.050
-0.047
-0.044
-0.041
-0.038
-0.035
-0.032
-0.028
-0.025
-0.021
-0.017
-0.013
-0.009
-0.005
-0.001
0.003
0.007
0.012
0.016
0.021
0.025
0.030
0.039
0.049
0.058
0.068
0.078
0.088
0.098
0.108
0.117
0.127
0.136
0.146
0.155
0.163
0.172
0.180
0.188
0.195
0.202
0.208
0.214
0.219
0.224
0.229
0.232
0.236
0.238
0.240
0.241
0.242
0.242
0.242
0.240
0.239
0.236
0.233
0.230
0.226
0.221
0.216
0.210
0.203
0.197
0.189
0.182
0.174
0.165
0.157
0.148
0.143
0.139
0.130
0.120
0.111
0.102
0.093
0.084
0.075
0.066
0.056
0.047
0.038
0.029
0.020
0.010
0.001
-0.008
-0.017
-0.026
-0.035
-0.036
-0.037
-0.038
-0.039
-0.040
-0.041
-0.043
-0.044
-0.046
-0.048
-0.049
-0.051
-0.052
-0.053
-0.056
-0.058
-0.061
-0.063
-0.065
-0.067
-0.069
-0.070
-0.072
-0.073
-0.074
-0.075
-0.076
-0.077
-0.077
-0.077
-0.078
-0.078
-0.078
-0.077
-0.077
-0.076
-0.076
-0.075
-0.074
-0.072
-0.071
-0.070
-0.068
-0.066
-0.064
-0.062
-0.060
-0.058
-0.055
-0.052
-0.050
-0.047
-0.044
-0.041
-0.037
-0.034
-0.031
-0.027
-0.023
-0.020
-0.016
-0.012
-0.008
-0.003
0.001
0.005
0.010
0.014
0.019
0.023
0.028
0.037
0.047
0.057
0.066
0.076
0.086
0.096
0.106
0.116
0.125
0.135
0.144
0.153
0.161
0.170
0.178
0.185
0.192
0.199
0.205
0.211
0.217
0.221
0.225
0.229
0.232
0.234
0.236
0.237
0.238
0.238
0.237
0.236
0.234
0.232
0.228
0.225
0.220
0.215
0.210
0.204
0.198
0.191
0.184
0.176
0.168
0.159
0.150
0.141
0.137
0.132
0.128
0.118
0.109
0.100
0.091
0.082
0.072
0.063
0.054
0.045
0.035
0.026
0.017
0.008
-0.002
-0.011
-0.020
-0.029
-0.034
-0.035
-0.035
-0.036
-0.036
-0.037
-0.038
-0.039
-0.041
-0.043
-0.045
-0.046
-0.048
-0.050
-0.051
-0.053
-0.055
-0.058
-0.061
-0.063
-0.065
-0.068
-0.069
-0.071
-0.073
-0.075
-0.076
-0.077
-0.078
-0.079
-0.080
-0.081
-0.081
-0.081
