0.000
0.252
0.327
0.323
0.319
0.755
0.728
0.589
0.599
0.604
0.607
0.607
0.605
0.603
0.599
0.595
0.589
0.584
0.577
0.571
0.564
0.556
0.548
0.540
0.531
0.522
0.512
0.502
0.492
0.482
0.471
0.460
0.448
0.436
0.424
0.412
0.399
0.387
0.374
0.360
0.347
0.333
0.269
0.273
0.261
0.240
0.215
0.187
0.159
0.130
0.101
0.072
0.043
0.014
-0.014
-0.041
-0.067
-0.093
-0.117
-0.141
-0.163
-0.184
-0.204
-0.222
-0.239
-0.254
-0.268
-0.280
-0.290
-0.299
-0.306
-0.310
-0.314
-0.315
-0.771
-0.901
-0.964
-1.020
-1.141
-1.392
-1.937
-2.460
-2.958
-3.428
-3.869
-4.277
-4.652
-4.991
-5.292
-5.555
-5.779
-5.962
-6.103
-6.203
-6.260
-6.275
-6.247
-6.176
-6.064
-5.911
-5.716
-5.482
-5.209
-4.898
-4.552
-4.170
-3.756
-3.311
-2.837
-2.335
-1.809
-1.261
-0.693
-0.107
0.494
1.107
1.729
2.358
2.992
3.626
4.258
4.886
5.507
6.117
6.715
7.297
7.860
8.403
8.922
9.415
9.880
10.314
10.714
11.079
11.405
11.684
12.042
12.156
12.138
11.981
11.806
11.456
10.797
10.190
9.619
9.081
8.575
8.099
7.650
7.228
6.831
6.457
6.105
5.773
5.461
4.881
4.391
3.954
3.566
3.220
2.913
2.640
2.396
2.180
1.987
1.815
1.662
1.376
1.187
1.035
0.912
0.812
0.732
0.666
0.612
0.481
0.448
0.423
0.401
0.382
0.365
0.349
0.334
0.319
0.305
0.243
0.245
0.231
0.210
0.184
0.157
0.128
0.099
0.070
0.041
0.012
-0.016
-0.044
-0.071
-0.097
-0.122
-0.146
-0.169
-0.191
-0.211
-0.230
-0.248
-0.264
-0.279
-0.292
-0.303
-0.313
-0.320
-0.326
-0.330
-0.333
-0.333
-0.332
-0.329
-0.324
-0.317
-0.308
-0.298
-0.286
-0.272
-0.469
-0.669
-0.767
-0.868
-0.958
-1.139
-1.520
-1.865
-2.171
-2.439
-2.666
-2.853
-2.997
-3.101
-3.162
-3.182
-3.160
-3.098
-2.996
-2.855
-2.676
-2.460
-2.209
-1.924
-1.607
-1.261
-0.885
-0.484
-0.060
0.387
0.852
1.334
1.830
2.337
2.852
3.374
3.898
4.423
4.944
5.460
5.966
6.459
6.932
7.463
7.711
7.769
7.661
7.450
7.242
6.833
6.466
6.120
5.795
5.489
4.910
4.431
4.004
3.625
3.288
2.988
2.722
2.485
2.274
2.086
1.920
1.772
1.473
1.295
1.152
1.038
0.946
0.872
0.812
0.764
0.725
0.693
0.552
0.555
0.555
0.553
0.549
0.544
0.539
0.532
0.525
0.517
0.509
0.500
0.491
0.482
0.472
0.462
0.452
0.441
0.430
0.418
0.407
0.395
0.382
0.370
0.357
0.344
0.331
0.317
0.304
0.239
0.244
0.231
0.211
0.186
0.158
0.130
0.101
0.072
0.043
0.014
-0.015
-0.043
-0.070
-0.096
-0.122
-0.147
-0.170
-0.192
-0.214
-0.233
-0.252
-0.269
-0.284
-0.298
-0.310
-0.320
-0.329
-0.335
-0.340
-0.344
-0.345
-0.344
-0.342
-0.338
-0.332
-0.324
-0.314
-0.303
-0.290
-0.275
-0.259
-0.241
-0.377
-0.511
-0.584
-0.667
-0.740
-0.889
-1.200
-1.473
-1.707
-1.901
-2.054
-2.166
-2.236
-2.266
-2.255
-2.204
-2.114
-1.985
-1.819
-1.618
-1.382
-1.113
-0.813
-0.484
-0.128
0.252
0.656
1.080
1.522
1.978
2.448
2.927
3.413
3.903
4.393
4.879
5.347
5.909
6.023
6.050
5.984
5.827
5.668
5.351
5.071
4.538
4.098
3.708
3.361
3.053
2.779
2.535
2.319
2.126
1.955
1.803
1.668
1.389
1.229
1.101
0.998
0.916
0.850
0.798
0.755
0.721
0.572
0.576
0.578
0.578
0.578
0.576
0.574
0.571
0.567
0.563
0.558
0.553
0.548
0.542
0.535
0.528
0.521
0.513
0.505
0.497
0.488
0.479
0.469
0.459
0.449
0.438
0.428
0.416
0.405
0.393
0.381
0.369
0.356
0.343
0.330
0.317
0.303
0.290
0.226
0.230
0.218
0.197
0.172
0.144
0.116
0.087
0.057
0.028
-0.000
-0.029
-0.057
-0.084
-0.110
-0.135
-0.160
-0.183
-0.205
-0.226
-0.246
-0.264
-0.281
-0.296
-0.309
-0.321
-0.331
-0.339
-0.346
-0.350
-0.353
-0.354
-0.353
-0.351
-0.346
-0.340
-0.332
-0.322
-0.310
-0.297
-0.282
-0.266
-0.248
-0.228
-0.209
-0.461
-0.602
-0.744
-0.865
-1.115
-1.326
-1.496
-1.627
-1.717
-1.766
-1.775
-1.744
-1.674
-1.565
-1.420
-1.239
-1.023
-0.774
-0.495
-0.186
0.151
0.512
0.896
1.301
1.723
2.161
2.611
3.071
3.535
4.000
4.427
4.917
4.861
4.732
4.469
4.002
3.619
3.280
2.978
2.710
2.472
2.260
2.072
1.905
1.757
1.458
1.281
1.139
1.026
0.936
0.864
0.806
0.760
0.724
0.695
0.551
0.561
0.567
0.571
0.574
0.575
0.575
0.575
0.573
0.572
0.569
0.567
0.563
0.559
0.555
0.550
0.545
0.540
0.533
0.527
0.520
0.513
0.505
0.497
0.489
0.480
0.471
0.461
0.451
0.441
0.430
0.419
0.408
0.397
0.385
0.373
0.360
0.348
0.335
0.322
0.309
0.295
0.282
0.218
0.222
0.209
0.189
0.163
0.136
0.107
0.078
0.049
0.020
-0.009
-0.037
-0.065
-0.092
-0.118
-0.143
-0.168
-0.191
-0.213
-0.234
-0.254
-0.272
-0.289
-0.304
-0.317
-0.329
-0.339
-0.347
-0.354
-0.358
-0.361
-0.362
-0.361
-0.359
-0.354
-0.348
-0.340
-0.330
-0.318
-0.305
-0.290
-0.274
-0.256
-0.236
-0.216
-0.194
-0.398
-0.521
-0.647
-0.753
-0.971
-1.149
-1.288
-1.387
-1.446
-1.464
-1.443
-1.383
-1.285
-1.150
-0.979
-0.774
-0.535
-0.266
0.032
0.357
0.708
1.081
1.474
1.885
2.310
2.747
3.190
3.622
4.134
4.181
4.145
4.037
3.814
3.418
3.098
2.814
2.562
2.337
2.138
1.961
1.804
1.664
1.382
1.215
1.083
0.977
0.893
0.826
0.773
0.731
0.697
0.550
0.555
0.559
0.563
0.566
0.568
0.569
0.570
0.571
0.571
0.570
0.569
0.568
0.566
0.563
0.560
0.557
0.553
0.549
0.544
0.539
0.534
0.528
0.522
0.515
0.508
0.500
0.492
0.484
0.475
0.466
0.456
0.446
0.436
0.426
0.415
0.404
0.392
0.381
0.369
0.356
0.344
0.331
0.318
0.305
0.292
0.278
0.213
0.218
0.206
0.185
0.160
0.133
0.104
0.075
0.046
0.017
-0.012
-0.040
-0.068
-0.095
-0.122
-0.147
-0.172
-0.195
-0.218
-0.239
-0.258
-0.277
-0.293
-0.309
-0.322
-0.334
-0.345
-0.353
-0.360
-0.365
-0.368
-0.369
-0.368
-0.366
-0.362
-0.356
-0.348
-0.338
-0.327
-0.314
-0.299
-0.283
-0.265
-0.246
-0.225
-0.203
-0.182
-0.382
-0.495
-0.606
-0.699
-0.887
-1.036
-1.146
-1.215
-1.245
-1.236
-1.187
-1.101
-0.977
-0.818
-0.624
-0.397
-0.139
0.148
0.463
0.802
1.165
1.547
1.947
2.361
2.783
3.186
3.464
3.393
3.224
2.892
2.628
2.394
2.186
2.001
1.837
1.691
1.401
1.227
1.087
0.977
0.889
0.819
0.763
0.720
0.685
0.539
0.542
0.546
0.550
0.553
0.556
0.558
0.560
0.562
0.563
0.564
0.565
0.564
0.564
0.563
0.561
0.559
0.557
0.554
0.551
0.547
0.543
0.538
0.533
0.528
0.522
0.515
0.509
0.501
0.494
0.486
0.477
0.469
0.460
0.450
0.440
0.430
0.420
0.409
0.398
0.386
0.375
0.363
0.350
0.338
0.325
0.312
0.299
0.285
0.272
0.207
0.212
0.200
0.179
0.154
0.126
0.098
0.069
0.040
0.011
-0.018
-0.046
-0.074
-0.101
-0.128
-0.153
-0.178
-0.201
-0.224
-0.245
-0.264
-0.283
-0.300
-0.315
-0.328
-0.340
-0.351
-0.359
-0.366
-0.371
-0.374
-0.375
-0.374
-0.372
-0.368
-0.362
-0.354
-0.344
-0.333
-0.319
-0.305
-0.288
-0.271
-0.251
-0.231
-0.209
-0.186
-0.204
-0.433
-0.536
-0.632
-0.710
-0.862
-0.975
-1.049
-1.084
-1.079
-1.035
-0.953
-0.835
-0.681
-0.492
-0.271
-0.018
0.263
0.572
0.906
1.262
1.638
2.030
2.433
2.814
3.266
3.182
3.025
2.876
2.582
2.350
2.145
1.962
1.800
1.656
1.371
1.198
1.061
0.952
0.865
0.796
0.742
0.699
0.665
0.522
0.526
0.530
0.535
0.539
0.543
0.546
0.549
0.552
0.554
0.556
0.557
0.558
0.559
0.559
0.559
0.558
0.556
0.555
0.552
0.550
0.547
0.543
0.539
0.535
0.530
0.524
0.518
0.512
0.506
0.499
0.491
0.483
0.475
0.467
0.458
0.448
0.439
0.428
0.418
0.407
0.396
0.385
0.373
0.362
0.349
0.337
0.324
0.311
0.298
0.285
0.272
0.258
0.196
0.199
0.186
0.165
0.139
0.112
0.083
0.054
0.025
-0.004
-0.032
-0.061
-0.088
-0.115
-0.141
-0.166
-0.191
-0.214
-0.236
-0.256
-0.276
-0.293
-0.310
-0.324
-0.338
-0.349
-0.359
-0.367
-0.373
-0.377
-0.380
-0.380
-0.379
-0.376
-0.371
-0.364
-0.356
-0.346
-0.334
-0.320
-0.305
-0.288
-0.270
-0.250
-0.229
-0.207
-0.184
-0.172
-0.371
-0.462
-0.554
-0.626
-0.769
-0.873
-0.937
-0.963
-0.949
-0.897
-0.808
-0.682
-0.521
-0.326
-0.098
0.159
0.445
0.757
1.094
1.451
1.826
2.211
2.640
2.848
2.926
2.893
2.756
2.622
2.355
2.146
1.961
1.797
1.651
1.365
1.190
1.050
0.939
0.851
0.781
0.726
0.683
0.531
0.526
0.524
0.525
0.527
0.530
0.533
0.537
0.540
0.543
0.546
0.548
0.550
0.552
0.553
0.554
0.554
0.554
0.554
0.553
0.551
0.549
0.547
0.544
0.541
0.537
0.533
0.528
0.523
0.517
0.511
0.505
0.498
0.491
0.484
0.476
0.467
0.458
0.449
0.440
0.430
0.420
0.409
0.399
0.388
0.376
0.364
0.352
0.340
0.328
0.315
0.302
0.289
0.275
0.262
0.197
0.202
0.190
0.169
0.144
0.116
0.088
0.059
0.030
0.001
-0.028
-0.056
-0.084
-0.111
-0.138
-0.163
-0.188
-0.211
-0.234
-0.255
-0.274
-0.293
-0.309
-0.325
-0.338
-0.350
-0.360
-0.369
-0.376
-0.381
-0.384
-0.385
-0.384
-0.382
-0.377
-0.371
-0.363
-0.354
-0.342
-0.329
-0.314
-0.298
-0.280
-0.261
-0.241
-0.219
-0.196
-0.172
-0.195
-0.396
-0.481
-0.550
-0.687
-0.785
-0.845
-0.865
-0.847
-0.791
-0.698
-0.568
-0.404
-0.206
0.024
0.283
0.571
0.884
1.220
1.576
1.944
2.273
2.554
2.323
2.116
1.933
1.770
1.625
1.342
1.168
1.030
0.920
0.833
0.763
0.709
0.666
0.517
0.512
0.511
0.512
0.514
0.518
0.522
0.525
0.529
0.533
0.537
0.540
0.542
0.545
0.547
0.548
0.549
0.550
0.550
0.550
0.549
0.548
0.546
0.544
0.541
0.538
0.534
0.530
0.526
0.521
0.516
0.510
0.504
0.497
0.490
0.483
0.475
0.467
0.459
0.450
0.440
0.431
0.421
0.410
0.400
0.389
0.378
0.366
0.354
0.342
0.330
0.317
0.304
0.291
0.278
0.264
0.251
0.188
0.191
0.179
0.158
0.132
0.105
0.076
0.047
0.018
-0.011
-0.039
-0.068
-0.095
-0.122
-0.148
-0.174
-0.198
-0.221
-0.243
-0.264
-0.283
-0.301
-0.317
-0.332
-0.346
-0.357
-0.367
-0.375
-0.381
-0.386
-0.388
-0.389
-0.388
-0.385
-0.380
-0.374
-0.365
-0.355
-0.343
-0.330
-0.315
-0.298
-0.280
-0.260
-0.239
-0.217
-0.194
-0.169
-0.173
-0.358
-0.438
-0.513
-0.570
-0.680
-0.751
-0.783
-0.777
-0.733
-0.651
-0.533
-0.379
-0.192
0.027
0.276
0.554
0.858
1.185
1.531
1.886
2.270
2.449
2.400
2.287
2.179
1.959
1.791
1.642
1.354
1.174
1.031
0.917
0.827
0.756
0.700
0.656
0.508
0.501
0.498
0.499
0.501
0.505
0.509
0.514
0.518
0.522
0.527
0.530
0.534
0.537
0.540
0.542
0.543
0.545
