0.000
-0.062
-0.144
-0.305
-0.622
-0.810
-0.991
-1.285
-1.583
-1.883
-2.183
-2.483
-2.782
-3.079
-3.372
-3.663
-3.950
-4.234
-4.513
-4.787
-5.057
-5.322
-5.581
-5.834
-6.082
-6.324
-6.559
-6.787
-7.009
-7.223
-7.431
-7.630
-7.822
-8.007
-8.183
-8.351
-8.510
-8.661
-8.804
-8.937
-9.062
-9.177
-9.334
-9.486
-9.616
-9.715
-9.780
-9.807
-9.796
-9.747
-9.658
-9.531
-9.366
-9.163
-8.923
-8.648
-8.338
-7.994
-7.618
-7.212
-6.776
-6.313
-5.824
-5.312
-4.779
-4.226
-3.655
-3.070
-2.471
-1.863
-1.246
-0.624
0.001
0.627
0.791
0.813
0.825
0.841
0.859
0.879
0.891
0.900
0.908
0.914
0.919
0.923
0.926
0.929
0.931
0.932
0.933
0.934
0.934
0.934
0.933
0.932
0.931
0.929
0.927
0.924
0.921
0.918
0.914
0.910
0.906
0.902
0.897
0.891
0.886
0.880
0.874
0.868
0.861
0.854
0.847
0.840
0.833
0.825
0.817
0.809
0.801
0.792
0.783
0.775
0.766
0.757
0.747
0.738
0.728
0.718
0.707
0.696
0.683
0.669
0.652
0.625
0.596
0.526
0.395
0.223
0.041
-0.317
-0.991
-1.627
-2.227
-2.794
-3.329
-3.834
-4.311
-4.762
-5.188
-5.590
-5.970
-6.330
-6.670
-7.278
-7.824
-8.316
-8.759
-9.159
-9.520
-9.847
-10.143
-10.413
-10.658
-10.881
-11.085
-11.422
-11.710
-11.960
-12.179
-12.373
-12.546
-12.702
-12.844
-13.061
-13.259
-13.442
-13.612
-13.771
-13.919
-14.057
-14.185
-14.303
-14.412
-14.558
-14.697
-14.812
-14.897
-14.945
-14.957
-14.930
-14.865
-14.760
-14.618
-14.437
-14.219
-13.965
-13.675
-13.351
-12.994
-12.606
-12.187
-11.740
-11.266
-10.768
-10.247
-9.705
-9.145
-8.568
-7.977
-7.374
-6.762
-6.143
-5.519
-4.894
-4.268
-3.646
-3.029
-2.419
-1.820
-1.234
-0.662
-0.107
0.428
0.729
0.765
0.779
0.789
0.801
0.813
0.819
0.823
0.825
0.825
0.825
0.823
0.821
0.819
0.815
0.812
0.808
0.803
0.798
0.793
0.787
0.781
0.775
0.769
0.762
0.755
0.748
0.740
0.733
0.725
0.716
0.708
0.699
0.690
0.681
0.671
0.661
0.650
0.639
0.626
0.612
0.595
0.569
0.544
0.515
0.434
0.249
0.018
-0.209
-0.638
-1.044
-1.428
-1.792
-2.137
-2.755
-3.313
-3.817
-4.274
-4.689
-5.066
-5.410
-5.725
-6.013
-6.277
-6.521
-6.746
-7.122
-7.453
-7.748
-8.014
-8.257
-8.482
-8.692
-8.889
-9.077
-9.256
-9.543
-9.831
-10.118
-10.403
-10.685
-10.963
-11.238
-11.507
-11.772
-12.032
-12.286
-12.534
-12.777
-13.012
-13.242
-13.464
-13.680
-13.888
-14.088
-14.281
-14.467
-14.644
-14.813
-14.973
-15.125
-15.269
-15.403
-15.529
-15.645
-15.804
-15.958
-16.090
-16.192
-16.259
-16.289
-16.280
-16.233
-16.147
-16.022
-15.859
-15.659
-15.421
-15.148
-14.840
-14.498
-14.124
-13.720
-13.286
-12.824
-12.337
-11.827
-11.294
-10.742
-10.173
-9.588
-8.990
-8.382
-7.766
-7.144
-6.519
-5.894
-5.270
-4.650
-4.036
-3.432
-2.839
-2.260
-1.697
-1.152
-0.628
-0.126
0.351
0.647
0.716
0.739
0.749
0.762
0.775
0.780
0.783
0.784
0.783
0.781
0.778
0.775
0.771
0.766
0.761
0.756
0.750
0.744
0.737
0.730
0.723
0.715
0.708
0.699
0.691
0.682
0.673
0.664
0.654
0.643
0.632
0.620
0.607
0.591
0.571
0.536
0.512
0.485
0.441
0.339
0.162
-0.016
-0.353
-0.672
-1.244
-1.761
-2.229
-2.654
-3.041
-3.393
-3.715
-4.010
-4.280
-4.530
-4.760
-4.973
-5.331
-5.648
-5.933
-6.193
-6.432
-6.655
-6.865
-7.064
-7.254
-7.560
-7.868
-8.177
-8.485
-8.793
-9.100
-9.405
-9.707
-10.008
-10.305
-10.599
-10.890
-11.177
-11.459
-11.738
-12.012
-12.280
-12.544
-12.802
-13.055
-13.301
-13.541
-13.775
-14.003
-14.223
-14.436
-14.642
-14.840
-15.031
-15.214
-15.388
-15.555
-15.712
-15.862
-16.002
-16.134
-16.257
-16.371
-16.525
-16.673
-16.800
-16.896
-16.957
-16.981
-16.966
-16.913
-16.820
-16.690
-16.521
-16.314
-16.071
-15.793
-15.479
-15.132
-14.753
-14.344
-13.906
-13.440
-12.949
-12.435
-11.900
-11.345
-10.773
-10.186
-9.586
-8.977
-8.360
-7.737
-7.112
-6.486
-5.863
-5.244
-4.632
-4.029
-3.438
-2.861
-2.301
-1.759
-1.238
-0.740
-0.267
0.180
0.597
0.707
0.729
0.739
0.750
0.753
0.755
0.754
0.753
0.750
0.746
0.742
0.737
0.731
0.725
0.719
0.712
0.704
0.697
0.689
0.681
0.672
0.663
0.653
0.643
0.633
0.621
0.609
0.595
0.578
0.554
0.489
0.397
0.267
0.119
-0.163
-0.668
-1.125
-1.540
-1.918
-2.261
-2.576
-2.863
-3.128
-3.371
-3.596
-3.972
-4.303
-4.599
-4.866
-5.112
-5.339
-5.552
-5.754
-5.947
-6.133
-6.433
-6.737
-7.045
-7.355
-7.667
-7.978
-8.290
-8.601
-8.911
-9.220
-9.528
-9.833
-10.136
-10.437
-10.734
-11.028
-11.319
-11.606
-11.889
-12.167
-12.441
-12.710
-12.973
-13.232
-13.484
-13.731
-13.971
-14.205
-14.432
-14.652
-14.865
-15.071
-15.270
-15.460
-15.643
-15.817
-15.984
-16.142
-16.291
-16.432
-16.563
-16.686
-16.800
-16.954
-17.103
-17.229
-17.325
-17.386
-17.410
-17.395
-17.342
-17.250
-17.119
-16.950
-16.744
-16.500
-16.222
-15.908
-15.561
-15.183
-14.773
-14.335
-13.869
-13.379
-12.864
-12.329
-11.774
-11.202
-10.615
-10.016
-9.406
-8.789
-8.166
-7.541
-6.915
-6.292
-5.673
-5.061
-4.458
-3.867
-3.290
-2.730
-2.188
-1.667
-1.169
-0.696
-0.249
0.169
0.557
0.683
0.707
0.719
0.729
0.732
0.733
0.733
0.730
0.727
0.723
0.718
0.712
0.706
0.700
0.693
0.685
0.677
0.669
0.660
0.651
0.641
0.631
0.620
0.608
0.594
0.578
0.557
0.516
0.486
0.399
0.291
0.166
-0.075
-0.508
-0.900
-1.257
-1.582
-1.879
-2.152
-2.402
-2.633
-2.847
-3.204
-3.519
-3.801
-4.057
-4.293
-4.511
-4.717
-4.912
-5.099
-5.400
-5.704
-6.011
-6.320
-6.630
-6.942
-7.254
-7.567
-7.881
-8.194
-8.507
-8.819
-9.130
-9.440
-9.748
-10.054
-10.357
-10.659
-10.957
-11.252
-11.544
-11.831
-12.115
-12.395
-12.670
-12.940
-13.205
-13.464
-13.718
-13.966
-14.208
-14.444
-14.673
-14.895
-15.110
-15.317
-15.518
-15.710
-15.895
-16.071
-16.240
-16.400
-16.551
-16.694
-16.828
-16.953
-17.069
-17.227
-17.380
-17.511
-17.611
-17.677
-17.706
-17.696
-17.647
-17.560
-17.434
-17.270
-17.068
-16.830
-16.555
-16.246
-15.903
-15.528
-15.123
-14.688
-14.226
-13.738
-13.226
-12.693
-12.141
-11.571
-10.986
-10.388
-9.779
-9.163
-8.541
-7.916
-7.290
-6.666
-6.046
-5.433
-4.829
-4.237
-3.658
-3.096
-2.551
-2.028
-1.527
-1.050
-0.600
-0.178
0.214
0.573
0.673
0.693
0.703
0.713
0.716
0.716
0.715
0.712
0.708
0.703
0.698
0.692
0.685
0.678
0.671
0.662
0.654
0.645
0.635
0.625
0.613
0.601
0.587
0.571
0.548
0.493
0.244
0.035
-0.169
-0.536
-0.869
-1.174
-1.452
-1.708
-1.942
-2.159
-2.521
-2.839
-3.122
-3.379
-3.613
-3.830
-4.034
-4.227
-4.411
-4.708
-5.007
-5.308
-5.612
-5.918
-6.226
-6.536
-6.847
-7.159
-7.472
-7.785
-8.099
-8.412
-8.725
-9.037
-9.348
-9.658
-9.966
-10.272
-10.575
-10.877
-11.175
-11.470
-11.762
-12.049
-12.333
-12.613
-12.888
-13.158
-13.423
-13.682
-13.936
-14.184
-14.426
-14.662
-14.890
-15.113
-15.327
-15.535
-15.735
-15.928
-16.113
-16.289
-16.458
-16.618
-16.769
-16.912
-17.046
-17.171
-17.287
-17.445
-17.597
-17.728
-17.829
-17.895
-17.923
-17.914
-17.865
-17.778
-17.652
-17.488
-17.286
-17.047
-16.773
-16.464
-16.121
-15.746
-15.340
-14.906
-14.443
-13.956
-13.444
-12.911
-12.358
-11.788
-11.203
-10.605
-9.997
-9.381
-8.759
-8.133
-7.508
-6.884
-6.264
-5.651
-5.047
-4.454
-3.876
-3.313
-2.769
-2.245
-1.744
-1.268
-0.818
-0.396
-0.004
0.357
0.641
0.675
0.686
0.693
0.700
0.702
0.701
0.699
0.695
0.691
0.685
0.679
0.673
0.665
0.658
0.649
0.640
0.631
0.621
0.609
0.597
0.583
0.566
0.543
0.483
0.423
0.273
0.084
-0.099
-0.426
-0.725
-0.998
-1.249
-1.479
-1.692
-2.046
-2.356
-2.633
-2.883
-3.112
-3.323
-3.522
-3.709
-3.889
-4.178
-4.470
-4.765
-5.062
-5.363
-5.666
-5.971
-6.278
-6.587
-6.897
-7.209
-7.522
-7.835
-8.148
-8.462
-8.775
-9.087
-9.399
-9.709
-10.018
-10.324
-10.629
-10.931
-11.231
-11.527
-11.820
-12.109
-12.395
-12.676
-12.952
-13.224
-13.491
-13.753
-14.009
-14.259
-14.503
-14.741
-14.973
-15.197
-15.415
-15.625
-15.828
-16.024
-16.212
-16.391
-16.563
-16.726
-16.881
-17.027
-17.164
-17.292
-17.412
-17.522
-17.671
-17.813
-17.933
-18.022
-18.076
-18.092
-18.070
-18.009
-17.910
-17.772
-17.596
-17.382
-17.133
-16.847
-16.527
-16.174
-15.790
-15.375
-14.931
-14.461
-13.965
-13.447
-12.907
-12.349
-11.774
-11.185
-10.583
-9.972
-9.354
-8.730
-8.105
-7.479
-6.856
-6.238
-5.628
-5.027
-4.439
-3.865
-3.308
-2.770
-2.253
-1.760
-1.291
-0.850
-0.437
-0.054
0.296
0.601
0.655
0.672
0.680
0.687
0.689
0.689
0.687
0.683
0.678
0.673
0.667
0.660
0.652
0.644
0.635
0.626
0.616
0.604
0.592
0.578
0.560
0.535
0.510
0.483
0.441
0.346
0.177
0.011
-0.289
-0.562
-0.812
-1.042
-1.253
-1.605
-1.914
-2.188
-2.435
-2.660
-2.867
-3.062
-3.245
-3.539
-3.830
-4.122
-4.414
-4.709
-5.007
-5.306
-5.608
-5.912
-6.218
-6.527
-6.836
-7.147
-7.459
-7.772
-8.086
-8.399
-8.712
-9.025
-9.337
-9.648
-9.958
-10.266
-10.572
-10.876
-11.177
-11.475
-11.770
-12.062
-12.350
-12.634
-12.913
-13.188
-13.458
-13.723
-13.983
-14.237
-14.485
-14.727
-14.962
-15.191
-15.413
-15.628
-15.836
-16.036
-16.228
-16.413
-16.590
-16.758
-16.918
-17.070
-17.212
-17.346
-17.471
-17.587
-17.745
-17.898
-18.029
-18.129
-18.195
-18.224
-18.214
-18.165
-18.078
-17.952
-17.788
-17.586
-17.348
-17.073
-16.764
-16.421
-16.046
-15.641
-15.206
-14.744
-14.256
-13.744
-13.211
-12.659
-12.088
-11.503
-10.905
-10.297
-9.681
-9.059
-8.434
-7.808
-7.184
-6.564
-5.951
-5.347
-4.754
-4.176
-3.613
-3.069
-2.545
-2.044
-1.568
-1.118
-0.696
-0.303
0.057
0.385
0.628
0.654
0.666
0.676
0.678
0.678
0.676
0.673
0.668
0.663
0.656
0.649
0.641
0.633
0.624
0.614
0.603
0.591
0.576
0.559
0.535
0.450
0.250
-0.043
-0.312
-0.559
-0.785
-0.994
-1.340
-1.643
-1.912
-2.154
-2.374
-2.578
-2.768
-2.948
-3.235
-3.519
-3.805
-4.092
-4.381
-4.673
-4.968
-5.265
-5.566
-5.868
-6.173
-6.480
-6.789
-7.100
-7.411
-7.724
-8.037
-8.350
-8.664
-8.977
-9.289
-9.601
-9.911
-10.220
-10.527
-10.832
-11.134
-11.434
-11.731
-12.024
-12.314
-12.600
-12.882
-13.159
-13.432
-13.699
-13.961
-14.218
-14.469
-14.714
-14.953
-15.185
-15.410
-15.629
-15.840
-16.044
-16.241
-16.429
-16.610
-16.783
-16.947
-17.103
-17.250
-17.388
-17.518
-17.638
-17.749
-17.900
-18.045
-18.167
-18.258
-18.314
-18.333
-18.313
-18.255
-18.158
-18.022
-17.849
-17.637
-17.390
-17.107
-16.789
-16.438
-16.055
-15.642
-15.200
-14.731
-14.238
-13.720
-13.182
-12.625
-12.051
-11.462
-10.862
-10.251
-9.633
-9.010
-8.385
-7.759
-7.136
-6.517
-5.906
-5.305
-4.716
-4.141
-3.583
-3.044
-2.525
-2.030
-1.560
-1.117
-0.702
-0.318
0.035
0.354
0.609
0.643
0.655
0.662
0.668
0.670
0.668
0.666
0.661
0.656
0.650
0.643
0.635
0.627
0.617
0.607
0.596
0.583
0.568
0.549
0.519
0.474
0.423
0.315
0.172
0.033
-0.217
-0.445
-0.656
-1.005
-1.309
-1.578
-1.819
-2.038
-2.239
-2.427
-2.604
-2.886
-3.165
-3.444
-3.725
-4.008
-4.294
-4.583
-4.875
-5.170
-5.468
-5.769
-6.073
-6.378
-6.686
-6.995
-7.306
-7.618
-7.931
