0.000
-0.062
-0.144
-0.305
-0.623
-0.810
-0.991
-1.285
-1.583
-1.883
-2.183
-2.483
-2.782
-3.079
-3.373
-3.663
-3.950
-4.234
-4.513
-4.787
-5.057
-5.322
-5.581
-5.835
-6.082
-6.324
-6.559
-6.787
-7.009
-7.224
-7.431
-7.631
-7.823
-8.007
-8.183
-8.351
-8.511
-8.662
-8.804
-8.937
-9.062
-9.177
-9.334
-9.486
-9.616
-9.716
-9.780
-9.808
-9.797
-9.747
-9.659
-9.531
-9.366
-9.163
-8.924
-8.648
-8.338
-7.994
-7.619
-7.212
-6.776
-6.313
-5.825
-5.313
-4.779
-4.226
-3.655
-3.070
-2.472
-1.863
-1.247
-0.625
0.001
0.626
0.793
0.818
0.832
0.854
0.887
0.943
1.004
1.075
1.157
1.251
1.356
1.473
1.601
1.740
1.889
2.049
2.218
2.396
2.583
2.778
2.979
3.186
3.399
3.616
3.836
4.059
4.283
4.507
4.731
4.953
5.172
5.388
5.598
5.803
6.001
6.191
6.372
6.543
6.704
6.852
6.988
7.111
7.219
7.313
7.391
7.453
7.497
7.525
7.535
7.526
7.499
7.454
7.389
7.305
7.203
7.081
6.939
6.779
6.599
6.400
6.180
5.934
5.789
5.662
5.525
5.353
5.171
4.813
4.139
3.503
2.903
2.336
1.801
1.296
0.819
0.368
-0.057
-0.460
-0.840
-1.200
-1.540
-2.148
-2.694
-3.186
-3.629
-4.029
-4.390
-4.717
-5.013
-5.282
-5.527
-5.751
-5.955
-6.291
-6.580
-6.830
-7.049
-7.243
-7.416
-7.572
-7.714
-7.931
-8.129
-8.312
-8.482
-8.641
-8.789
-8.927
-9.055
-9.173
-9.282
-9.428
-9.567
-9.682
-9.767
-9.816
-9.827
-9.800
-9.735
-9.631
-9.488
-9.307
-9.089
-8.835
-8.545
-8.221
-7.864
-7.476
-7.057
-6.610
-6.137
-5.638
-5.117
-4.575
-4.015
-3.438
-2.847
-2.244
-1.632
-1.013
-0.389
0.236
0.862
1.484
2.101
2.711
3.310
3.896
4.468
5.023
5.558
5.860
5.900
5.919
5.934
5.959
6.001
6.045
6.097
6.154
6.218
6.288
6.363
6.444
6.529
6.618
6.710
6.804
6.899
6.995
7.091
7.185
7.277
7.366
7.451
7.531
7.605
7.672
7.731
7.781
7.823
7.853
7.873
7.881
7.876
7.858
7.826
7.779
7.717
7.640
7.545
7.434
7.303
7.148
7.051
6.985
6.887
6.700
6.470
6.243
5.814
5.407
5.023
4.659
4.314
3.696
3.138
2.634
2.177
1.762
1.385
1.041
0.727
0.439
0.174
-0.070
-0.295
-0.670
-1.001
-1.296
-1.563
-1.806
-2.031
-2.240
-2.438
-2.625
-2.805
-3.092
-3.380
-3.667
-3.952
-4.234
-4.512
-4.787
-5.056
-5.321
-5.581
-5.835
-6.083
-6.325
-6.561
-6.791
-7.013
-7.228
-7.437
-7.637
-7.830
-8.016
-8.193
-8.362
-8.522
-8.674
-8.818
-8.952
-9.078
-9.194
-9.353
-9.507
-9.639
-9.741
-9.808
-9.838
-9.829
-9.782
-9.696
-9.571
-9.408
-9.208
-8.970
-8.697
-8.389
-8.047
-7.674
-7.269
-6.835
-6.374
-5.887
-5.376
-4.843
-4.291
-3.722
-3.137
-2.540
-1.932
-1.316
-0.694
-0.069
0.557
1.181
1.801
2.414
3.019
3.612
4.191
4.754
5.298
5.823
6.324
6.802
7.098
7.169
7.196
7.210
7.233
7.269
7.305
7.346
7.391
7.440
7.492
7.549
7.608
7.669
7.732
7.795
7.858
7.920
7.981
8.038
8.092
8.141
8.184
8.221
8.251
8.273
8.286
8.288
8.281
8.262
8.230
8.186
8.127
8.054
7.965
7.856
7.720
7.667
7.626
7.575
7.471
7.294
7.116
6.780
6.460
5.888
5.371
4.903
4.478
4.091
3.739
3.417
3.123
2.852
2.603
2.372
2.159
1.801
1.484
1.199
0.939
0.700
0.477
0.268
0.069
-0.122
-0.428
-0.736
-1.045
-1.353
-1.661
-1.968
-2.273
-2.575
-2.876
-3.173
-3.467
-3.758
-4.045
-4.327
-4.606
-4.880
-5.148
-5.412
-5.670
-5.923
-6.169
-6.409
-6.643
-6.871
-7.091
-7.304
-7.510
-7.708
-7.899
-8.082
-8.256
-8.423
-8.581
-8.730
-8.871
-9.002
-9.125
-9.239
-9.393
-9.542
-9.668
-9.764
-9.825
-9.849
-9.834
-9.781
-9.689
-9.558
-9.389
-9.183
-8.940
-8.661
-8.348
-8.001
-7.622
-7.212
-6.774
-6.309
-5.818
-5.304
-4.768
-4.213
-3.641
-3.054
-2.455
-1.845
-1.228
-0.606
0.020
0.645
1.269
1.888
2.500
3.103
3.694
4.270
4.831
5.372
5.893
6.391
6.865
7.311
7.728
7.843
7.873
7.893
7.926
7.958
7.994
8.032
8.073
8.117
8.162
8.209
8.256
8.303
8.348
8.392
8.432
8.469
8.502
8.529
8.549
8.562
8.567
8.564
8.550
8.526
8.490
8.441
8.379
8.301
8.204
8.053
7.951
7.820
7.672
7.391
6.886
6.428
6.013
5.636
5.292
4.978
4.690
4.426
4.182
3.957
3.582
3.251
2.955
2.687
2.442
2.214
2.001
1.799
1.606
1.421
1.121
0.816
0.508
0.198
-0.113
-0.425
-0.737
-1.048
-1.358
-1.667
-1.975
-2.280
-2.583
-2.883
-3.181
-3.475
-3.766
-4.053
-4.336
-4.614
-4.888
-5.157
-5.420
-5.678
-5.931
-6.177
-6.418
-6.652
-6.879
-7.099
-7.312
-7.518
-7.717
-7.907
-8.090
-8.265
-8.431
-8.589
-8.738
-8.879
-9.011
-9.133
-9.247
-9.401
-9.550
-9.676
-9.772
-9.833
-9.857
-9.842
-9.789
-9.697
-9.566
-9.397
-9.191
-8.948
-8.669
-8.356
-8.009
-7.630
-7.221
-6.782
-6.317
-5.826
-5.312
-4.776
-4.221
-3.649
-3.062
-2.463
-1.853
-1.236
-0.614
0.012
0.637
1.261
1.880
2.492
3.095
3.686
4.262
4.823
5.364
5.885
6.384
6.857
7.304
7.722
8.110
8.239
8.270
8.290
8.320
8.348
8.379
8.412
8.447
8.483
8.520
8.557
8.593
8.629
8.662
8.692
8.719
8.740
8.757
8.766
8.769
8.763
8.748
8.723
8.687
8.639
8.577
8.498
8.388
8.338
8.243
8.134
8.009
7.768
7.336
6.943
6.586
6.261
5.964
5.691
5.441
5.210
4.996
4.640
4.324
4.042
3.786
3.551
3.332
3.126
2.931
2.744
2.443
2.139
1.832
1.524
1.213
0.901
0.589
0.276
-0.038
-0.351
-0.664
-0.976
-1.287
-1.597
-1.905
-2.211
-2.514
-2.816
-3.114
-3.409
-3.701
-3.989
-4.272
-4.552
-4.827
-5.097
-5.362
-5.622
-5.875
-6.123
-6.365
-6.601
-6.830
-7.052
-7.267
-7.475
-7.675
-7.867
-8.052
-8.229
-8.397
-8.557
-8.709
-8.852
-8.985
-9.111
-9.226
-9.384
-9.537
-9.668
-9.769
-9.834
-9.863
-9.853
-9.805
-9.717
-9.592
-9.427
-9.226
-8.987
-8.713
-8.404
-8.061
-7.686
-7.280
-6.845
-6.383
-5.895
-5.384
-4.851
-4.298
-3.728
-3.143
-2.545
-1.937
-1.320
-0.698
-0.073
0.552
1.176
1.796
2.409
3.013
3.606
4.184
4.747
5.291
5.815
6.316
6.792
7.243
7.664
8.057
8.416
8.519
8.545
8.564
8.591
8.617
8.645
8.673
8.703
8.734
8.764
8.794
8.823
8.850
8.873
8.893
8.908
8.917
8.921
8.916
8.904
8.882
8.850
8.807
8.750
8.676
8.561
8.299
8.090
7.886
7.519
7.186
6.881
6.603
6.347
6.112
5.896
5.534
5.216
4.932
4.676
4.442
4.225
4.021
3.828
3.644
3.347
3.048
2.747
2.443
2.137
1.829
1.519
1.208
0.896
0.583
0.270
-0.044
-0.357
-0.670
-0.982
-1.293
-1.603
-1.911
-2.217
-2.521
-2.822
-3.120
-3.415
-3.707
-3.995
-4.279
-4.558
-4.833
-5.103
-5.368
-5.628
-5.882
-6.130
-6.372
-6.607
-6.836
-7.058
-7.273
-7.481
-7.681
-7.874
-8.058
-8.235
-8.403
-8.563
-8.715
-8.858
-8.992
-9.117
-9.233
-9.390
-9.543
-9.674
-9.775
-9.841
-9.869
-9.859
-9.811
-9.724
-9.598
-9.433
-9.232
-8.993
-8.719
-8.410
-8.067
-7.692
-7.286
-6.852
-6.389
-5.901
-5.390
-4.857
-4.304
-3.734
-3.149
-2.551
-1.943
-1.326
-0.704
-0.079
0.546
1.171
1.790
2.403
3.007
3.600
4.178
4.741
5.285
5.809
6.310
6.786
7.237
7.659
8.051
8.411
8.697
8.736
8.755
8.770
8.795
8.819
8.844
8.869
8.895
8.921
8.946
8.970
8.992
9.010
9.025
9.034
9.038
9.036
9.026
9.008
8.980
8.941
8.890
8.822
8.707
8.641
8.490
8.300
8.118
7.790
7.492
7.218
6.968
6.738
6.525
6.171
5.860
5.583
5.333
5.105
4.893
4.695
4.507
4.328
4.039
3.747
3.452
3.154
2.854
2.551
2.246
1.939
1.630
1.319
1.007
0.695
0.382
0.068
-0.245
-0.558
-0.871
-1.182
-1.492
-1.801
-2.108
-2.413
-2.715
-3.014
-3.310
-3.603
-3.893
-4.178
-4.459
-4.736
-5.008
-5.275
-5.537
-5.793
-6.043
-6.287
-6.525
-6.756
-6.981
-7.199
-7.409
-7.612
-7.808
-7.995
-8.175
-8.347
-8.510
-8.665
-8.811
-8.948
-9.076
-9.196
-9.306
-9.455
-9.597
-9.717
-9.806
-9.860
-9.876
-9.854
-9.793
-9.694
-9.556
-9.380
-9.166
-8.917
-8.631
-8.311
-7.958
-7.574
-7.159
-6.715
-6.245
-5.749
-5.231
-4.691
-4.133
-3.558
-2.969
-2.367
-1.756
-1.138
-0.515
0.111
0.737
1.360
1.978
2.588
3.189
3.777
4.351
4.908
5.446
5.963
6.456
6.925
7.366
7.779
8.162
8.512
8.817
8.875
8.899
8.913
8.938
8.959
8.982
9.004
9.027
9.049
9.071
9.090
9.107
9.120
9.129
9.133
9.131
9.122
9.105
9.079
9.042
8.993
8.927
8.877
8.837
8.788
8.692
8.522
8.356
8.057
7.783
7.533
7.304
7.092
6.740
6.431
6.157
5.911
5.686
5.478
5.284
5.100
4.807
4.515
4.224
3.931
3.636
3.339
3.039
2.737
2.433
2.127
1.819
1.509
1.198
0.886
0.573
0.259
-0.054
-0.367
-0.680
-0.992
-1.303
-1.613
-1.921
-2.227
-2.531
-2.832
-3.130
-3.425
-3.717
-4.005
-4.289
-4.568
-4.843
-5.113
-5.378
-5.638
-5.892
-6.140
-6.382
-6.617
-6.846
-7.068
-7.283
-7.491
-7.691
-7.884
-8.068
-8.245
-8.413
-8.574
-8.725
-8.868
-9.002
-9.127
-9.243
-9.400
-9.553
-9.684
-9.785
-9.851
-9.879
-9.869
-9.821
-9.734
-9.608
-9.443
-9.242
-9.003
-8.729
-8.420
-8.077
-7.702
-7.296
-6.861
-6.399
-5.911
-5.400
-4.867
-4.314
-3.744
-3.159
-2.561
-1.953
-1.336
-0.714
-0.089
0.537
1.161
1.781
2.394
2.998
3.590
4.169
4.731
5.275
5.799
6.300
6.777
7.227
7.649
8.041
8.402
8.730
8.974
9.006
9.024
9.048
9.068
9.089
9.109
9.129
9.148
9.166
9.182
9.195
9.205
9.210
9.209
9.202
9.188
9.166
9.134
9.090
9.029
8.901
8.699
8.406
8.136
7.890
7.663
7.455
7.109
6.805
6.536
6.295
6.074
5.871
5.681
5.501
5.214
4.929
4.644
4.357
4.067
3.775
3.481
3.183
2.883
2.580
2.275
1.968
1.659
1.349
1.037
0.725
0.412
0.098
-0.215
-0.528
-0.841
-1.152
-1.463
-1.772
-2.079
-2.384
-2.686
-2.986
-3.283
-3.576
-3.866
-4.152
-4.433
-4.711
-4.983
-5.251
-5.513
-5.770
-6.021
-6.266
-6.505
-6.737
-6.962
-7.181
-7.392
-7.596
-7.793
-7.981
-8.162
-8.335
-8.499
-8.655
-8.802
-8.940
-9.070
-9.190
-9.301
-9.452
-9.597
-9.719
-9.810
-9.866
-9.885
-9.865
-9.807
-9.710
-9.574
-9.401
-9.190
-8.942
-8.659
-8.341
-7.990
-7.607
-7.194
-6.753
-6.284
-5.790
-5.273
-4.735
-4.177
-3.603
-3.015
-2.414
-1.803
-1.185
-0.562
0.063
0.689
1.312
1.930
2.541
3.143
3.732
4.307
4.865
5.404
5.923
6.418
6.888
7.331
7.746
8.130
8.483
8.802
9.058
9.097
9.114
9.128
9.149
9.168
9.186
9.205
9.222
9.238
9.252
9.264
9.271
9.275
9.273
9.265
9.250
9.227
9.193
9.147
9.081
9.015
8.958
8.850
8.706
8.568
8.318
8.089
7.879
7.530
7.226
6.957
6.716
6.497
6.295
6.108
5.931
5.649
5.370
5.091
4.810
4.527
4.241
3.952
3.660
3.364
3.066
2.765
2.462
2.156
1.849
1.539
1.228
0.916
0.604
