0.000
-0.062
-0.144
-0.305
-0.623
-0.810
-0.991
-1.285
-1.583
-1.883
-2.183
-2.483
-2.782
-3.079
-3.372
-3.663
-3.950
-4.234
-4.513
-4.787
-5.057
-5.322
-5.581
-5.835
-6.082
-6.324
-6.559
-6.787
-7.009
-7.223
-7.431
-7.631
-7.823
-8.007
-8.183
-8.351
-8.511
-8.662
-8.804
-8.937
-9.062
-9.177
-9.334
-9.486
-9.616
-9.715
-9.780
-9.807
-9.797
-9.747
-9.658
-9.531
-9.366
-9.163
-8.923
-8.648
-8.338
-7.994
-7.618
-7.212
-6.776
-6.313
-5.825
-5.312
-4.779
-4.226
-3.655
-3.070
-2.471
-1.863
-1.246
-0.624
0.001
0.627
0.794
0.818
0.832
0.854
0.886
0.939
0.995
1.058
1.130
1.208
1.295
1.388
1.488
1.594
1.704
1.820
1.939
2.061
2.185
2.311
2.437
2.563
2.687
2.810
2.930
3.047
3.159
3.266
3.367
3.461
3.549
3.628
3.698
3.760
3.811
3.853
3.883
3.903
3.911
3.907
3.891
3.862
3.821
3.768
3.701
3.622
3.531
3.426
3.310
3.181
3.040
2.888
2.725
2.550
2.366
2.171
1.967
1.753
1.531
1.301
1.060
0.805
0.659
0.531
0.394
0.223
0.040
-0.317
-0.991
-1.627
-2.227
-2.794
-3.329
-3.834
-4.311
-4.762
-5.188
-5.590
-5.971
-6.330
-6.671
-7.278
-7.825
-8.316
-8.759
-9.159
-9.520
-9.847
-10.144
-10.413
-10.658
-10.881
-11.085
-11.422
-11.711
-11.961
-12.180
-12.373
-12.546
-12.702
-12.844
-13.061
-13.259
-13.442
-13.613
-13.771
-13.919
-14.057
-14.185
-14.303
-14.412
-14.558
-14.697
-14.813
-14.897
-14.946
-14.957
-14.931
-14.865
-14.761
-14.618
-14.437
-14.219
-13.965
-13.675
-13.351
-12.994
-12.606
-12.187
-11.740
-11.267
-10.768
-10.247
-9.705
-9.145
-8.568
-7.977
-7.374
-6.762
-6.143
-5.519
-4.894
-4.268
-3.646
-3.029
-2.419
-1.820
-1.234
-0.662
-0.107
0.428
0.730
0.770
0.789
0.804
0.828
0.867
0.907
0.952
1.001
1.053
1.109
1.167
1.228
1.289
1.351
1.413
1.474
1.533
1.589
1.642
1.691
1.736
1.774
1.807
1.834
1.853
1.864
1.867
1.861
1.846
1.822
1.787
1.743
1.688
1.623
1.547
1.461
1.363
1.254
1.135
1.003
0.859
0.698
0.600
0.533
0.435
0.249
0.018
-0.209
-0.638
-1.044
-1.429
-1.793
-2.138
-2.755
-3.313
-3.818
-4.274
-4.689
-5.067
-5.411
-5.725
-6.013
-6.277
-6.521
-6.746
-7.122
-7.453
-7.748
-8.014
-8.258
-8.482
-8.692
-8.889
-9.077
-9.256
-9.544
-9.832
-10.119
-10.403
-10.685
-10.964
-11.238
-11.508
-11.773
-12.032
-12.286
-12.535
-12.777
-13.013
-13.242
-13.464
-13.680
-13.888
-14.089
-14.282
-14.467
-14.644
-14.813
-14.974
-15.126
-15.269
-15.404
-15.529
-15.646
-15.804
-15.958
-16.090
-16.192
-16.259
-16.289
-16.281
-16.233
-16.147
-16.022
-15.859
-15.659
-15.422
-15.148
-14.840
-14.498
-14.125
-13.720
-13.286
-12.825
-12.338
-11.827
-11.294
-10.742
-10.173
-9.588
-8.991
-8.383
-7.766
-7.145
-6.520
-5.894
-5.270
-4.650
-4.036
-3.432
-2.839
-2.260
-1.697
-1.152
-0.628
-0.126
0.351
0.647
0.718
0.745
0.759
0.782
0.816
0.848
0.884
0.922
0.962
1.003
1.046
1.090
1.133
1.175
1.216
1.254
1.289
1.320
1.347
1.369
1.385
1.394
1.397
1.392
1.380
1.359
1.329
1.290
1.241
1.183
1.114
1.035
0.945
0.843
0.727
0.588
0.535
0.494
0.443
0.338
0.162
-0.016
-0.353
-0.672
-1.244
-1.761
-2.230
-2.655
-3.041
-3.393
-3.715
-4.010
-4.280
-4.530
-4.760
-4.974
-5.331
-5.648
-5.934
-6.193
-6.432
-6.655
-6.865
-7.064
-7.254
-7.561
-7.868
-8.177
-8.486
-8.794
-9.100
-9.405
-9.708
-10.008
-10.305
-10.599
-10.890
-11.177
-11.460
-11.738
-12.012
-12.281
-12.544
-12.802
-13.055
-13.301
-13.542
-13.776
-14.003
-14.223
-14.436
-14.642
-14.841
-15.031
-15.214
-15.388
-15.555
-15.713
-15.862
-16.003
-16.135
-16.257
-16.371
-16.525
-16.674
-16.800
-16.896
-16.957
-16.981
-16.966
-16.913
-16.821
-16.690
-16.521
-16.315
-16.072
-15.793
-15.479
-15.133
-14.754
-14.344
-13.906
-13.441
-12.950
-12.435
-11.900
-11.345
-10.773
-10.186
-9.587
-8.977
-8.360
-7.737
-7.112
-6.486
-5.863
-5.244
-4.632
-4.029
-3.438
-2.861
-2.301
-1.759
-1.238
-0.740
-0.267
0.180
0.597
0.711
0.741
0.760
0.791
0.820
0.851
0.883
0.916
0.950
0.983
1.016
1.047
1.077
1.103
1.126
1.145
1.160
1.168
1.171
1.167
1.156
1.138
1.111
1.076
1.032
0.978
0.914
0.840
0.753
0.651
0.499
0.397
0.267
0.119
-0.163
-0.668
-1.125
-1.540
-1.918
-2.262
-2.576
-2.864
-3.128
-3.371
-3.596
-3.972
-4.303
-4.599
-4.867
-5.112
-5.339
-5.553
-5.754
-5.947
-6.133
-6.433
-6.738
-7.046
-7.355
-7.667
-7.978
-8.290
-8.601
-8.912
-9.221
-9.528
-9.833
-10.136
-10.437
-10.734
-11.029
-11.319
-11.606
-11.889
-12.167
-12.441
-12.710
-12.974
-13.232
-13.484
-13.731
-13.971
-14.205
-14.432
-14.652
-14.866
-15.072
-15.270
-15.460
-15.643
-15.818
-15.984
-16.142
-16.291
-16.432
-16.564
-16.687
-16.800
-16.954
-17.103
-17.230
-17.326
-17.387
-17.410
-17.396
-17.342
-17.250
-17.119
-16.950
-16.744
-16.501
-16.222
-15.909
-15.562
-15.183
-14.773
-14.335
-13.870
-13.379
-12.864
-12.329
-11.774
-11.202
-10.615
-10.016
-9.406
-8.789
-8.166
-7.541
-6.915
-6.292
-5.673
-5.061
-4.458
-3.867
-3.290
-2.730
-2.188
-1.667
-1.169
-0.696
-0.249
0.169
0.557
0.686
0.717
0.736
0.765
0.790
0.817
0.844
0.872
0.899
0.926
0.951
0.975
0.996
1.013
1.027
1.036
1.039
1.037
1.028
1.013
0.990
0.958
0.918
0.869
0.810
0.740
0.657
0.545
0.495
0.399
0.291
0.165
-0.075
-0.508
-0.900
-1.257
-1.582
-1.880
-2.152
-2.403
-2.634
-2.847
-3.204
-3.519
-3.801
-4.057
-4.293
-4.511
-4.717
-4.912
-5.099
-5.400
-5.704
-6.011
-6.320
-6.630
-6.942
-7.254
-7.568
-7.881
-8.194
-8.507
-8.819
-9.130
-9.440
-9.748
-10.054
-10.358
-10.659
-10.957
-11.252
-11.544
-11.832
-12.116
-12.395
-12.670
-12.940
-13.205
-13.465
-13.719
-13.967
-14.208
-14.444
-14.673
-14.895
-15.110
-15.318
-15.518
-15.710
-15.895
-16.072
-16.240
-16.400
-16.552
-16.695
-16.829
-16.954
-17.069
-17.227
-17.380
-17.511
-17.612
-17.677
-17.706
-17.696
-17.648
-17.560
-17.434
-17.270
-17.068
-16.830
-16.555
-16.246
-15.904
-15.529
-15.123
-14.688
-14.226
-13.738
-13.227
-12.694
-12.141
-11.571
-10.986
-10.388
-9.779
-9.163
-8.541
-7.916
-7.290
-6.666
-6.046
-5.433
-4.829
-4.237
-3.658
-3.096
-2.551
-2.028
-1.527
-1.050
-0.600
-0.178
0.214
0.573
0.676
0.702
0.720
0.746
0.770
0.793
0.817
0.840
0.863
0.884
0.904
0.921
0.935
0.946
0.951
0.952
0.947
0.935
0.917
0.891
0.857
0.815
0.763
0.700
0.622
0.506
0.244
0.035
-0.169
-0.536
-0.869
-1.174
-1.452
-1.708
-1.943
-2.159
-2.521
-2.839
-3.123
-3.379
-3.613
-3.830
-4.034
-4.227
-4.411
-4.708
-5.007
-5.308
-5.612
-5.918
-6.226
-6.536
-6.847
-7.159
-7.472
-7.785
-8.099
-8.412
-8.725
-9.037
-9.348
-9.658
-9.966
-10.272
-10.576
-10.877
-11.175
-11.470
-11.762
-12.050
-12.334
-12.613
-12.888
-13.158
-13.423
-13.683
-13.937
-14.185
-14.426
-14.662
-14.891
-15.113
-15.328
-15.536
-15.736
-15.928
-16.113
-16.290
-16.458
-16.618
-16.770
-16.912
-17.046
-17.171
-17.287
-17.445
-17.598
-17.729
-17.829
-17.895
-17.924
-17.914
-17.866
-17.778
-17.652
-17.488
-17.286
-17.048
-16.773
-16.464
-16.121
-15.746
-15.341
-14.906
-14.444
-13.956
-13.444
-12.911
-12.359
-11.789
-11.203
-10.606
-9.997
-9.381
-8.759
-8.134
-7.508
-6.884
-6.264
-5.651
-5.047
-4.454
-3.876
-3.313
-2.769
-2.245
-1.744
-1.268
-0.818
-0.396
-0.004
0.357
0.643
0.682
0.700
0.714
0.738
0.759
0.780
0.800
0.820
0.839
0.855
0.869
0.881
0.888
0.891
0.888
0.881
0.866
0.845
0.817
0.780
0.733
0.677
0.605
0.490
0.424
0.273
0.083
-0.099
-0.426
-0.725
-0.999
-1.249
-1.479
-1.692
-2.046
-2.357
-2.634
-2.883
-3.112
-3.324
-3.522
-3.710
-3.889
-4.178
-4.470
-4.765
-5.062
-5.363
-5.666
-5.971
-6.278
-6.587
-6.898
-7.209
-7.522
-7.835
-8.148
-8.462
-8.775
-9.087
-9.399
-9.709
-10.018
-10.325
-10.629
-10.931
-11.231
-11.527
-11.820
-12.109
-12.395
-12.676
-12.953
-13.225
-13.492
-13.753
-14.009
-14.260
-14.504
-14.742
-14.973
-15.198
-15.415
-15.626
-15.829
-16.024
-16.212
-16.392
-16.563
-16.726
-16.881
-17.027
-17.164
-17.293
-17.412
-17.522
-17.671
-17.814
-17.933
-18.022
-18.076
-18.092
-18.070
-18.010
-17.910
-17.772
-17.596
-17.383
-17.133
-16.847
-16.528
-16.175
-15.790
-15.375
-14.931
-14.461
-13.966
-13.447
-12.908
-12.349
-11.774
-11.185
-10.583
-9.972
-9.354
-8.731
-8.105
-7.479
-6.856
-6.239
-5.628
-5.027
-4.439
-3.865
-3.308
-2.770
-2.253
-1.760
-1.291
-0.850
-0.437
-0.054
0.296
0.601
0.659
0.683
0.697
0.719
0.739
0.757
0.776
0.793
0.809
0.822
0.833
0.841
0.845
0.844
0.838
0.825
0.807
0.781
0.747
0.705
0.651
0.582
0.532
0.491
0.443
0.346
0.177
0.011
-0.289
-0.562
-0.812
-1.042
-1.253
-1.606
-1.914
-2.188
-2.435
-2.660
-2.867
-3.062
-3.246
-3.539
-3.830
-4.122
-4.415
-4.709
-5.007
-5.306
-5.608
-5.912
-6.219
-6.527
-6.836
-7.148
-7.460
-7.772
-8.086
-8.399
-8.713
-9.026
-9.338
-9.649
-9.958
-10.266
-10.572
-10.876
-11.177
-11.476
-11.771
-12.062
-12.350
-12.634
-12.914
-13.189
-13.459
-13.724
-13.983
-14.237
-14.485
-14.727
-14.962
-15.191
-15.413
-15.628
-15.836
-16.036
-16.229
-16.413
-16.590
-16.759
-16.919
-17.070
-17.213
-17.347
-17.472
-17.588
-17.745
-17.898
-18.029
-18.130
-18.196
-18.224
-18.214
-18.166
-18.078
-17.952
-17.788
-17.587
-17.348
-17.074
-16.764
-16.422
-16.047
-15.641
-15.206
-14.744
-14.256
-13.745
-13.211
-12.659
-12.089
-11.504
-10.906
-10.297
-9.681
-9.059
-8.434
-7.808
-7.184
-6.564
-5.951
-5.347
-4.754
-4.176
-3.613
-3.069
-2.545
-2.044
-1.568
-1.118
-0.696
-0.303
0.057
0.385
0.630
0.661
0.678
0.702
0.720
0.737
0.754
0.769
0.783
0.794
0.803
0.808
0.809
0.805
0.796
0.781
0.759
0.730
0.692
0.643
0.581
0.452
0.250
-0.043
-0.313
-0.559
-0.785
-0.994
-1.340
-1.643
-1.912
-2.154
-2.374
-2.578
-2.768
-2.948
-3.235
-3.520
-3.805
-4.092
-4.381
-4.673
-4.968
-5.266
-5.566
-5.868
-6.173
-6.481
-6.789
-7.100
-7.411
-7.724
-8.037
-8.350
-8.664
-8.977
-9.289
-9.601
-9.911
-10.220
-10.527
-10.832
-11.135
-11.434
-11.731
-12.025
-12.314
-12.600
-12.882
-13.159
-13.432
-13.699
-13.962
-14.218
-14.469
-14.714
-14.953
-15.185
-15.411
-15.629
-15.841
-16.045
-16.241
-16.430
-16.610
-16.783
-16.947
-17.103
-17.250
-17.389
-17.518
-17.639
-17.750
-17.901
-18.045
-18.167
-18.258
-18.314
-18.333
-18.314
-18.255
-18.158
-18.023
-17.849
-17.638
-17.390
-17.107
-16.789
-16.438
-16.056
-15.642
-15.201
-14.732
-14.238
-13.721
-13.183
-12.625
-12.051
-11.463
-10.862
-10.251
-9.633
-9.010
-8.385
-7.759
-7.136
-6.517
-5.906
-5.305
-4.716
-4.141
-3.583
-3.044
-2.525
-2.030
-1.560
-1.117
-0.702
-0.318
0.035
0.354
0.610
0.649
0.666
0.679
0.699
0.715
0.731
0.745
0.758
0.768
0.776
0.780
0.781
0.777
0.768
0.752
0.731
0.701
0.663
0.614
0.547
0.480
0.423
0.315
0.171
0.033
-0.217
-0.446
-0.656
-1.005
-1.309
-1.578
-1.819
-2.038
-2.239
-2.427
-2.604
-2.886
-3.165
-3.444
-3.725
-4.008
-4.294
-4.583
-4.875
-5.170
-5.469
-5.769
-6.073
-6.379
-6.686
-6.996
-7.306
-7.618
-7.931
