0.000
0.314
0.471
0.628
0.941
1.564
1.719
1.874
2.181
2.487
2.790
3.090
3.387
3.681
3.971
4.258
4.540
4.818
5.090
5.358
5.621
5.878
6.129
6.374
6.613
6.845
7.071
7.290
7.501
7.705
7.902
8.090
8.271
8.443
8.607
8.763
8.910
9.048
9.178
9.298
9.409
9.511
9.603
9.759
9.877
9.956
9.995
9.995
9.956
9.877
9.759
9.603
9.409
9.178
8.910
8.607
8.271
7.902
7.501
7.071
6.613
6.129
5.621
5.090
4.540
3.971
3.387
2.790
2.181
1.564
0.941
0.314
-0.314
-0.941
-1.564
-1.719
-1.797
-1.874
-2.028
-2.334
-2.940
-3.535
-4.115
-4.679
-5.225
-5.750
-6.252
-6.730
-7.181
-7.604
-7.997
-8.358
-8.686
-8.980
-9.239
-9.461
-9.646
-9.792
-9.900
-9.969
-9.999
-9.989
-9.940
-9.851
-9.724
-9.558
-9.354
-9.114
-8.838
-8.526
-8.181
-7.804
-7.396
-6.959
-6.494
-6.004
-5.490
-4.955
-4.399
-3.827
-3.239
-2.639
-2.028
-1.409
-0.785
-0.157
0.471
1.097
1.719
2.334
2.940
3.535
4.115
4.679
5.225
5.750
6.252
6.494
6.613
6.628
6.635
6.643
6.657
6.686
6.716
6.745
6.774
6.802
6.831
6.860
6.888
6.917
6.945
6.973
7.001
7.029
7.085
7.140
7.195
7.249
7.303
7.357
7.410
7.462
7.514
7.566
7.617
7.667
7.767
7.865
7.961
8.055
8.147
8.238
8.326
8.412
8.577
8.735
8.883
9.023
9.154
9.276
9.389
9.492
9.586
9.671
9.812
9.914
9.976
10.000
9.984
9.928
9.834
9.700
9.529
9.319
9.073
8.791
8.475
8.125
7.743
7.330
6.888
6.420
5.925
5.408
4.869
4.311
3.736
3.146
2.544
1.932
1.312
0.687
0.059
-0.569
-1.195
-1.816
-2.430
-3.034
-3.626
-4.204
-4.766
-5.308
-5.830
-6.329
-6.569
-6.686
-6.802
-6.917
-7.140
-7.566
-7.961
-8.326
-8.657
-8.954
-9.216
-9.442
-9.630
-9.780
-9.892
-9.964
-9.998
-9.992
-9.946
-9.861
-9.737
-9.575
-9.375
-9.138
-8.865
-8.557
-8.215
-7.841
-7.436
-7.001
-6.539
-6.051
-5.539
-5.006
-4.452
-3.881
-3.295
-2.696
-2.086
-1.467
-0.843
-0.216
0.412
0.726
0.882
0.961
0.980
1.000
1.019
1.058
1.097
1.136
1.175
1.214
1.292
1.370
1.448
1.526
1.603
1.681
1.758
1.835
1.912
1.989
2.066
2.143
2.296
2.449
2.601
2.752
2.903
3.053
3.202
3.350
3.498
3.645
3.935
4.222
4.505
4.783
5.057
5.325
5.588
5.846
6.098
6.344
6.584
6.817
7.043
7.263
7.475
7.680
7.877
8.067
8.249
8.422
8.587
8.744
8.892
9.031
9.162
9.283
9.395
9.498
9.592
9.751
9.871
9.952
9.994
9.996
9.959
9.883
9.768
9.614
9.422
9.193
8.928
8.627
8.293
7.926
7.527
7.099
6.643
6.160
5.653
5.124
4.575
4.007
3.424
2.828
2.220
1.603
0.980
0.353
-0.275
-0.902
-1.526
-2.143
-2.752
-3.350
-3.935
-4.505
-5.057
-5.588
-6.098
-6.584
-7.043
-7.475
-7.680
-7.780
-7.877
-7.973
-8.159
-8.506
-8.819
-9.098
-9.340
-9.546
-9.714
-9.844
-9.935
-9.987
-9.999
-9.972
-9.906
-9.800
-9.656
-9.474
-9.254
-8.997
-8.706
-8.380
-8.020
-7.630
-7.209
-6.759
-6.283
-5.782
-5.258
-4.714
-4.151
-3.571
-2.978
-2.373
-1.758
-1.603
-1.526
-1.487
-1.467
-1.448
-1.428
-1.390
-1.351
-1.273
-1.195
-1.117
-1.039
-0.961
-0.882
-0.804
-0.726
-0.648
-0.569
-0.491
-0.412
-0.255
-0.098
0.059
0.216
0.373
0.530
0.687
0.843
1.000
1.312
1.622
1.932
2.239
2.544
2.846
3.146
3.443
3.736
4.025
4.311
4.592
4.869
5.141
5.408
5.669
5.925
6.176
6.420
6.657
6.888
7.113
7.330
7.540
7.743
7.938
8.125
8.304
8.475
8.637
8.791
8.937
9.073
9.201
9.319
9.429
9.529
9.619
9.772
9.886
9.961
9.997
9.993
9.950
9.867
9.746
9.586
9.389
9.154
8.883
8.577
8.238
7.865
7.462
7.029
6.569
6.082
5.572
5.040
4.487
3.917
3.332
2.733
2.124
1.506
0.882
0.255
-0.373
-1.000
-1.622
-2.239
-2.846
-3.443
-4.025
-4.592
-5.141
-5.669
-6.176
-6.657
-7.113
-7.540
-7.938
-8.304
-8.475
-8.637
-8.791
-9.073
-9.319
-9.529
-9.700
-9.834
-9.928
-9.984
-10.000
-9.976
-9.914
-9.812
-9.671
-9.492
-9.276
-9.023
-8.735
-8.412
-8.055
-7.667
-7.249
-6.802
-6.329
-5.830
-5.308
-4.766
-4.204
-3.626
-3.034
-2.959
-2.940
-2.922
-2.884
-2.809
-2.733
-2.658
-2.582
-2.506
-2.430
-2.354
-2.277
-2.201
-2.124
-1.970
-1.816
-1.661
-1.506
-1.351
-1.195
-1.039
-0.882
-0.726
-0.569
-0.255
0.059
0.373
0.687
1.000
1.312
1.622
1.932
2.239
2.544
2.846
3.146
3.443
3.736
4.025
4.311
4.592
4.869
5.141
5.408
5.669
5.925
6.176
6.420
6.657
6.888
7.113
7.330
7.540
7.743
7.938
8.125
8.304
8.475
8.637
8.791
8.937
9.073
9.201
9.319
9.429
9.529
9.619
9.772
9.886
9.961
9.997
9.993
9.950
9.867
9.746
9.586
9.389
9.154
8.883
8.577
8.238
7.865
7.462
7.029
6.569
6.082
5.572
5.040
4.487
3.917
3.332
2.733
2.124
1.506
0.882
0.255
-0.373
-1.000
-1.622
-2.239
-2.846
-3.443
-4.025
-4.592
-5.141
-5.669
-6.176
-6.657
-7.113
-7.540
-7.938
-8.304
-8.637
-8.791
-8.937
-9.073
-9.319
-9.529
-9.700
-9.834
-9.928
-9.984
-10.000
-9.976
-9.914
-9.812
-9.671
-9.492
-9.276
-9.023
-8.735
-8.412
-8.055
-7.667
-7.249
-6.802
-6.329
-5.830
-5.308
-4.766
-4.204
-4.061
-3.989
-3.971
-3.953
-3.917
-3.845
-3.772
-3.699
-3.626
-3.553
-3.480
-3.406
-3.332
-3.258
-3.109
-2.959
-2.809
-2.658
-2.506
-2.354
-2.201
-2.047
-1.893
-1.584
-1.273
-0.961
-0.648
-0.334
-0.020
0.294
0.608
0.922
1.234
1.545
1.855
2.162
2.468
2.771
3.071
3.369
3.663
3.953
4.240
4.522
4.800
5.074
5.342
5.605
5.862
6.114
6.359
6.598
6.831
7.057
7.276
7.488
7.693
7.890
8.079
8.260
8.433
8.597
8.754
8.901
9.040
9.170
9.291
9.402
9.504
9.597
9.755
9.874
9.954
9.994
9.996
9.957
9.880
9.763
9.608
9.415
9.185
8.919
8.617
8.282
7.914
7.514
7.085
6.628
6.145
5.637
5.107
4.557
3.989
3.406
2.809
2.201
1.584
0.961
0.334
-0.294
-0.922
-1.545
-2.162
-2.771
-3.369
-3.953
-4.522
-5.074
-5.605
-6.114
-6.598
-7.057
-7.488
-7.890
-8.260
-8.597
-8.901
-9.040
-9.170
-9.291
-9.504
-9.681
-9.819
-9.919
-9.979
-10.000
-9.981
-9.924
-9.827
-9.691
-9.517
-9.305
-9.057
-8.773
-8.454
-8.102
-7.718
-7.303
-6.860
-6.389
-5.894
-5.375
-4.835
-4.697
-4.662
-4.627
-4.557
-4.487
-4.417
-4.346
-4.276
-4.204
-4.133
-3.989
-3.845
-3.699
-3.553
-3.406
-3.258
-3.109
-2.959
-2.809
-2.506
-2.201
-1.893
-1.584
-1.273
-0.961
-0.648
-0.334
-0.020
0.294
0.608
0.922
1.234
1.545
1.855
2.162
2.468
2.771
3.071
3.369
3.663
3.953
4.240
4.522
4.800
5.074
5.342
5.605
5.862
6.114
6.359
6.598
6.831
7.057
7.276
7.488
7.693
7.890
8.079
8.260
8.433
8.597
8.754
8.901
9.040
9.170
9.291
9.402
9.504
9.597
9.755
9.874
9.954
9.994
9.996
9.957
9.880
9.763
9.608
9.415
9.185
8.919
8.617
8.282
7.914
7.514
7.085
6.628
6.145
5.637
5.107
4.557
3.989
3.406
2.809
2.201
1.584
0.961
0.334
-0.294
-0.922
-1.545
-2.162
-2.771
-3.369
-3.953
-4.522
-5.074
-5.605
-6.114
-6.598
-7.057
-7.488
-7.890
-8.260
-8.597
-8.901
-9.170
-9.291
-9.402
-9.504
-9.681
-9.819
-9.919
-9.979
-10.000
-9.981
-9.924
-9.827
-9.691
-9.517
-9.305
-9.057
-8.773
-8.454
-8.102
-7.718
-7.303
-6.860
-6.389
-5.894
-5.375
-5.308
-5.275
-5.242
-5.208
-5.141
-5.074
-5.006
-4.938
-4.869
-4.800
-4.662
-4.522
-4.382
-4.240
-4.097
-3.953
-3.809
-3.663
-3.516
-3.221
-2.922
-2.620
-2.315
-2.009
-1.700
-1.390
-1.078
-0.765
-0.451
-0.137
0.177
0.491
0.804
1.117
1.428
1.739
2.047
2.354
2.658
2.959
3.258
3.553
3.845
4.133
4.417
4.697
4.972
5.242
5.507
5.766
6.020
6.268
6.509
6.745
6.973
7.195
7.410
7.617
7.817
8.009
8.193
8.369
8.537
8.696
8.847
8.989
9.122
9.246
9.361
9.467
9.564
9.651
9.796
9.903
9.971
9.999
9.988
9.937
9.848
9.719
9.552
9.347
9.106
8.828
8.516
8.170
7.792
7.383
6.945
6.480
5.988
5.474
4.938
4.382
3.809
3.221
2.620
2.009
1.390
0.765
0.137
-0.491
-1.117
-1.739
-2.354
-2.959
-3.553
-4.133
-4.697
-5.242
-5.766
-6.268
-6.745
-7.195
-7.617
-8.009
-8.369
-8.696
-8.989
-9.246
-9.361
-9.467
-9.564
-9.728
-9.854
-9.942
-9.990
-9.998
-9.968
-9.897
-9.788
-9.640
-9.454
-9.231
-8.972
-8.677
-8.347
-7.985
-7.591
-7.168
-6.716
-6.237
-5.988
-5.862
-5.798
-5.766
-5.734
-5.702
-5.637
-5.572
-5.507
-5.441
-5.375
-5.242
-5.107
-4.972
-4.835
-4.697
-4.557
-4.417
-4.276
-3.989
-3.699
-3.406
-3.109
-2.809
-2.506
-2.201
-1.893
-1.584
-1.273
-0.961
-0.648
-0.334
-0.020
0.294
0.608
0.922
1.234
1.545
1.855
2.162
2.468
2.771
3.071
3.369
3.663
3.953
4.240
4.522
4.800
5.074
5.342
5.605
5.862
6.114
6.359
6.598
6.831
7.057
7.276
7.488
7.693
7.890
8.079
8.260
8.433
8.597
8.754
8.901
9.040
9.170
9.291
9.402
9.504
9.597
9.755
9.874
9.954
9.994
9.996
9.957
9.880
9.763
9.608
9.415
9.185
8.919
8.617
8.282
7.914
7.514
7.085
6.628
6.145
5.637
5.107
4.557
3.989
3.406
2.809
2.201
1.584
0.961
0.334
-0.294
-0.922
-1.545
-2.162
-2.771
-3.369
-3.953
-4.522
-5.074
-5.605
-6.114
-6.598
-7.057
-7.488
-7.890
-8.260
-8.597
-8.901
-9.170
-9.402
-9.504
-9.597
-9.755
-9.874
-9.954
-9.994
-9.996
-9.957
-9.880
-9.763
-9.608
-9.415
-9.185
-8.919
-8.617
-8.282
-7.914
-7.514
-7.085
-6.628
-6.145
-6.082
-6.020
-5.957
-5.894
-5.830
-5.766
-5.637
-5.507
-5.375
-5.242
-5.107
-4.972
-4.835
-4.697
-4.417
-4.133
-3.845
-3.553
-3.258
-2.959
-2.658
-2.354
-2.047
-1.739
-1.428
-1.117
-0.804
-0.491
-0.177
0.137
0.451
0.765
1.078
1.390
1.700
2.009
2.315
2.620
2.922
3.221
3.516
3.809
4.097
4.382
4.662
4.938
5.208
5.474
5.734
5.988
6.237
6.480
6.716
6.945
7.168
7.383
7.591
7.792
7.985
8.170
8.347
8.516
8.677
8.828
8.972
9.106
9.231
9.347
9.454
9.552
9.640
9.788
9.897
9.968
9.998
9.990
9.942
9.854
9.728
9.564
9.361
9.122
8.847
8.537
8.193
7.817
7.410
6.973
6.509
6.020
5.507
4.972
4.417
3.845
3.258
2.658
2.047
1.428
0.804
0.177
-0.451
-1.078
-1.700
-2.315
-2.922
-3.516
-4.097
-4.662
-5.208
-5.734
-6.237
-6.716
-7.168
-7.591
-7.985
-8.347
-8.677
-8.972
-9.231
-9.454
-9.552
-9.640
-9.719
-9.848
-9.937
-9.988
-9.999
-9.971
-9.903
-9.796
-9.651
-9.467
-9.246
-8.989
-8.696
-8.369
-8.009
-7.617
-7.195
-6.745
-6.509
-6.450
-6.420
-6.389
-6.359
-6.298
-6.237
-6.176
-6.051
-5.925
-5.798
-5.669
-5.539
-5.408
-5.275
-5.141
-4.869
-4.592
-4.311
-4.025
-3.736
-3.443
-3.146
-2.846
-2.544
-2.239
-1.932
-1.622
-1.312
-1.000
-0.687
-0.373
-0.059
