 0.000000 0.000000
 0.000001 0.000313
 0.000002 0.001096
 0.000003 0.002422
 0.000004 0.004326
 0.000005 0.006820
 0.000006 0.009902
 0.000007 0.013565
 0.000008 0.017796
 0.000009 0.022579
 0.000010 0.027895
 0.000011 0.033724
 0.000012 0.040040
 0.000013 0.046820
 0.000014 0.054035
 0.000015 0.061656
 0.000016 0.069654
 0.000017 0.077995
 0.000018 0.086646
 0.000019 0.095573
 0.000020 0.104739
 0.000021 0.114108
 0.000022 0.123642
 0.000023 0.133303
 0.000024 0.143052
 0.000025 0.152850
 0.000026 0.162658
 0.000027 0.172436
 0.000028 0.182146
 0.000029 0.191748
 0.000030 0.201203
 0.000031 0.210475
 0.000032 0.219525
 0.000033 0.228318
 0.000034 0.236818
 0.000035 0.244991
 0.000036 0.252803
 0.000037 0.260225
 0.000038 0.267225
 0.000039 0.273775
 0.000040 0.279850
 0.000041 0.285423
 0.000042 0.290474
 0.000043 0.294981
 0.000044 0.298926
 0.000045 0.302293
 0.000046 0.305068
 0.000047 0.307239
 0.000048 0.308797
 0.000049 0.309735
 0.000050 0.310050
 0.000051 0.309738
 0.000052 0.308923
 0.000053 0.308035
 0.000054 0.307089
 0.000055 0.306078
 0.000056 0.304992
 0.000057 0.303821
 0.000058 0.302553
 0.000059 0.301178
 0.000060 0.299683
 0.000061 0.298057
 0.000062 0.296290
 0.000063 0.294371
 0.000064 0.292289
 0.000065 0.290036
 0.000066 0.287603
 0.000067 0.284981
 0.000068 0.282162
 0.000069 0.279141
 0.000070 0.275911
 0.000071 0.272467
 0.000072 0.268806
 0.000073 0.264923
 0.000074 0.260818
 0.000075 0.256488
 0.000076 0.251934
 0.000077 0.247157
 0.000078 0.242158
 0.000079 0.236940
 0.000080 0.231508
 0.000081 0.225867
 0.000082 0.220022
 0.000083 0.213981
 0.000084 0.207753
 0.000085 0.201345
 0.000086 0.194769
 0.000087 0.188035
 0.000088 0.181156
 0.000089 0.174144
 0.000090 0.167012
 0.000091 0.159776
 0.000092 0.152450
 0.000093 0.145050
 0.000094 0.137592
 0.000095 0.130094
 0.000096 0.122572
 0.000097 0.115045
 0.000098 0.107531
 0.000099 0.100048
 0.000100 0.092616
 0.000101 0.085253
 0.000102 0.077978
 0.000103 0.070810
 0.000104 0.063770
 0.000105 0.056875
 0.000106 0.050145
 0.000107 0.043600
 0.000108 0.037259
 0.000109 0.031143
 0.000110 0.025284
 0.000111 0.022450
 0.000111 0.021530
 0.000112 0.022055
 0.000112 0.023580
 0.000113 0.025807
 0.000113 0.028538
 0.000114 0.031637
 0.000114 0.035014
 0.000115 0.038608
 0.000115 0.042375
 0.000116 0.046286
 0.000116 0.050319
 0.000117 0.054460
 0.000117 0.058695
 0.000118 0.063016
 0.000118 0.067415
 0.000119 0.071886
 0.000119 0.076421
 0.000120 0.081017
 0.000120 0.085666
 0.000121 0.090365
 0.000121 0.095109
 0.000122 0.099891
 0.000122 0.104708
 0.000123 0.109555
 0.000123 0.114427
 0.000124 0.119318
 0.000124 0.129142
 0.000125 0.138982
 0.000126 0.148805
 0.000127 0.158576
 0.000128 0.168257
 0.000129 0.177810
 0.000130 0.187198
 0.000131 0.196382
 0.000132 0.205327
 0.000133 0.213996
 0.000134 0.222355
 0.000135 0.230371
 0.000136 0.238010
 0.000137 0.245243
 0.000138 0.252040
 0.000139 0.258374
 0.000140 0.264220
 0.000141 0.269553
 0.000142 0.274353
 0.000143 0.278600
 0.000144 0.282276
 0.000145 0.285367
 0.000146 0.287859
 0.000147 0.289743
 0.000148 0.291010
 0.000149 0.291656
 0.000150 0.291676
 0.000151 0.291070
 0.000152 0.289840
 0.000153 0.287991
 0.000154 0.285529
 0.000155 0.282463
 0.000156 0.278806
 0.000157 0.274570
 0.000158 0.269772
 0.000159 0.264431
 0.000160 0.258589
 0.000161 0.252658
 0.000162 0.246681
 0.000163 0.240658
 0.000164 0.234585
 0.000165 0.228454
 0.000166 0.222260
 0.000167 0.215998
 0.000168 0.209660
 0.000169 0.203242
 0.000170 0.196740
 0.000171 0.190149
 0.000172 0.183467
 0.000173 0.176691
 0.000174 0.169819
 0.000175 0.162852
 0.000176 0.155789
 0.000177 0.148631
 0.000178 0.141380
 0.000179 0.134040
 0.000180 0.126614
 0.000181 0.119107
 0.000182 0.111526
 0.000183 0.103876
 0.000184 0.096165
 0.000185 0.088402
 0.000186 0.080596
 0.000187 0.072758
 0.000188 0.064898
 0.000189 0.057027
 0.000190 0.049160
 0.000191 0.041308
 0.000192 0.033486
 0.000193 0.025708
 0.000194 0.017989
 0.000195 0.010345
 0.000196 0.002793
 0.000197 -0.004651
 0.000198 -0.011967
 0.000199 -0.019133
 0.000200 -0.026082
 0.000201 -0.028420
 0.000202 -0.029766
 0.000202 -0.030396
 0.000203 -0.030499
 0.000203 -0.030200
 0.000204 -0.029580
 0.000204 -0.028697
 0.000205 -0.027589
 0.000205 -0.026282
 0.000206 -0.024793
 0.000206 -0.023134
 0.000207 -0.021315
 0.000207 -0.019343
 0.000208 -0.017222
 0.000208 -0.014958
 0.000209 -0.012553
 0.000209 -0.010011
 0.000210 -0.007336
 0.000210 -0.004531
 0.000211 -0.001598
 0.000211 0.001459
 0.000212 0.004638
 0.000212 0.007934
 0.000213 0.011344
 0.000213 0.014865
 0.000214 0.018493
 0.000214 0.022226
 0.000215 0.026058
 0.000215 0.029986
 0.000216 0.034006
 0.000216 0.038114
 0.000217 0.042307
 0.000217 0.046579
 0.000218 0.050926
 0.000218 0.055345
 0.000219 0.059830
 0.000220 0.064378
 0.000220 0.068983
 0.000221 0.073642
 0.000221 0.078349
 0.000222 0.083099
 0.000222 0.087889
 0.000223 0.092712
 0.000223 0.097565
 0.000224 0.102443
 0.000224 0.107340
 0.000225 0.117176
 0.000226 0.127028
 0.000227 0.136864
 0.000228 0.146647
 0.000229 0.156340
 0.000230 0.165905
 0.000231 0.175304
 0.000232 0.184501
 0.000233 0.193457
 0.000234 0.202138
 0.000235 0.210509
 0.000236 0.218536
 0.000237 0.226188
 0.000238 0.233432
 0.000239 0.240241
 0.000240 0.246587
 0.000241 0.252445
 0.000242 0.257790
 0.000243 0.262602
 0.000244 0.266860
 0.000245 0.270548
 0.000246 0.273651
 0.000247 0.276155
 0.000248 0.278050
 0.000249 0.279329
 0.000250 0.279986
 0.000251 0.280018
 0.000252 0.279424
 0.000253 0.278206
 0.000254 0.276368
 0.000255 0.273918
 0.000256 0.270864
 0.000257 0.267218
 0.000258 0.262993
 0.000259 0.258207
 0.000260 0.252877
 0.000261 0.247025
 0.000262 0.240672
 0.000263 0.233843
 0.000264 0.226672
 0.000265 0.219449
 0.000266 0.212188
 0.000267 0.204888
 0.000268 0.197545
 0.000269 0.190156
 0.000270 0.182716
 0.000271 0.175222
 0.000272 0.167671
 0.000273 0.160059
 0.000274 0.152385
 0.000275 0.144648
 0.000276 0.136848
 0.000277 0.128984
 0.000278 0.121059
 0.000279 0.113074
 0.000280 0.105032
 0.000281 0.096938
 0.000282 0.088796
 0.000283 0.080613
 0.000284 0.072394
 0.000285 0.064147
 0.000286 0.055881
 0.000287 0.047606
 0.000288 0.039330
 0.000289 0.031065
 0.000290 0.022823
 0.000291 0.014616
 0.000292 0.006457
 0.000293 -0.001639
 0.000294 -0.009657
 0.000295 -0.017581
 0.000296 -0.025390
 0.000297 -0.033037
 0.000298 -0.036177
 0.000298 -0.038474
 0.000299 -0.040155
 0.000299 -0.041374
 0.000300 -0.042231
 0.000300 -0.042796
 0.000301 -0.043113
 0.000301 -0.043213
 0.000302 -0.043115
 0.000302 -0.042834
 0.000303 -0.042379
 0.000303 -0.041756
 0.000304 -0.040971
 0.000304 -0.040026
 0.000305 -0.038925
 0.000305 -0.037670
 0.000306 -0.036263
 0.000306 -0.034705
 0.000307 -0.032999
 0.000307 -0.031148
 0.000308 -0.029152
 0.000308 -0.027014
 0.000309 -0.024736
 0.000309 -0.022321
 0.000310 -0.019771
 0.000310 -0.017088
 0.000311 -0.014276
 0.000311 -0.011337
 0.000312 -0.008274
 0.000312 -0.005091
 0.000313 -0.001790
 0.000313 0.001626
 0.000314 0.005152
 0.000314 0.008785
 0.000315 0.012522
 0.000315 0.016359
 0.000316 0.020292
 0.000316 0.024317
 0.000317 0.028431
 0.000317 0.032628
 0.000318 0.036905
 0.000318 0.041257
 0.000319 0.045681
 0.000319 0.050171
 0.000320 0.054723
 0.000320 0.059334
 0.000321 0.063997
 0.000321 0.068709
 0.000322 0.073464
 0.000322 0.078258
 0.000323 0.083087
 0.000323 0.087945
 0.000324 0.092827
 0.000324 0.097729
 0.000325 0.107575
 0.000326 0.117436
 0.000327 0.127281
 0.000328 0.137074
 0.000329 0.146777
 0.000330 0.156351
 0.000331 0.165760
 0.000332 0.174966
 0.000333 0.183932
 0.000334 0.192623
 0.000335 0.201003
 0.000336 0.209040
 0.000337 0.216701
 0.000338 0.223955
 0.000339 0.230773
 0.000340 0.237129
 0.000341 0.242996
 0.000342 0.248351
 0.000343 0.253172
 0.000344 0.257439
 0.000345 0.261137
 0.000346 0.264249
 0.000347 0.266762
 0.000348 0.268667
 0.000349 0.269955
 0.000350 0.270622
 0.000351 0.270663
 0.000352 0.270078
 0.000353 0.268869
 0.000354 0.267041
 0.000355 0.264600
 0.000356 0.261555
 0.000357 0.257918
 0.000358 0.253703
 0.000359 0.248927
 0.000360 0.243606
 0.000361 0.237763
 0.000362 0.231419
 0.000363 0.224600
 0.000364 0.217331
 0.000365 0.209642
 0.000366 0.201791
 0.000367 0.193901
 0.000368 0.185978
 0.000369 0.178021
 0.000370 0.170026
 0.000371 0.161991
 0.000372 0.153914
 0.000373 0.145792
 0.000374 0.137624
 0.000375 0.129409
 0.000376 0.121147
 0.000377 0.112838
 0.000378 0.104484
 0.000379 0.096088
 0.000380 0.087651
 0.000381 0.079180
 0.000382 0.070678
 0.000383 0.062151
 0.000384 0.053606
 0.000385 0.045051
 0.000386 0.036494
 0.000387 0.027945
 0.000388 0.019413
 0.000389 0.010909
 0.000390 0.002447
 0.000391 -0.005962
 0.000392 -0.014304
 0.000393 -0.022560
 0.000394 -0.030709
 0.000395 -0.038096
 0.000396 -0.041019
 0.000396 -0.043374
 0.000397 -0.045300
 0.000397 -0.046889
 0.000398 -0.048201
 0.000398 -0.049276
 0.000399 -0.050141
 0.000399 -0.050814
 0.000400 -0.051307
 0.000400 -0.051627
 0.000401 -0.051780
 0.000401 -0.051768
 0.000402 -0.051595
 0.000402 -0.051262
 0.000403 -0.050771
 0.000403 -0.050124
 0.000404 -0.049320
 0.000404 -0.048362
 0.000405 -0.047250
 0.000405 -0.045987
 0.000406 -0.044572
 0.000406 -0.043009
 0.000407 -0.041298
 0.000407 -0.039441
 0.000408 -0.037440
 0.000408 -0.035298
 0.000409 -0.033016
 0.000409 -0.030596
 0.000410 -0.028042
 0.000410 -0.025355
 0.000411 -0.022539
 0.000411 -0.019596
 0.000412 -0.016529
 0.000412 -0.013341
 0.000413 -0.010036
 0.000413 -0.006616
 0.000414 -0.003086
 0.000414 0.000551
 0.000415 0.004293
 0.000415 0.008134
 0.000416 0.012071
 0.000416 0.016100
 0.000417 0.020217
 0.000417 0.024419
 0.000418 0.028700
 0.000418 0.033056
 0.000419 0.037484
 0.000419 0.041978
 0.000420 0.046535
 0.000420 0.051149
 0.000421 0.055816
 0.000421 0.060532
 0.000422 0.065292
 0.000422 0.070090
 0.000423 0.074923
 0.000423 0.079785
 0.000424 0.084671
 0.000424 0.089577
 0.000425 0.099431
 0.000426 0.109301
 0.000427 0.119154
 0.000428 0.128955
 0.000429 0.138665
 0.000430 0.148248
 0.000431 0.157665
 0.000432 0.166879
 0.000433 0.175853
 0.000434 0.184552
 0.000435 0.192941
 0.000436 0.200985
 0.000437 0.208654
 0.000438 0.215916
 0.000439 0.222743
 0.000440 0.229106
 0.000441 0.234981
 0.000442 0.240344
 0.000443 0.245173
 0.000444 0.249449
 0.000445 0.253154
 0.000446 0.256274
 0.000447 0.258796
 0.000448 0.260709
 0.000449 0.262005
 0.000450 0.262679
 0.000451 0.262728
 0.000452 0.262151
 0.000453 0.260950
 0.000454 0.259130
 0.000455 0.256697
 0.000456 0.253660
 0.000457 0.250031
 0.000458 0.245824
 0.000459 0.241055
 0.000460 0.235743
 0.000461 0.229907
 0.000462 0.223571
 0.000463 0.216760
 0.000464 0.209499
 0.000465 0.201817
 0.000466 0.193744
 0.000467 0.185494
 0.000468 0.177207
 0.000469 0.168890
 0.000470 0.160543
 0.000471 0.152163
 0.000472 0.143750
 0.000473 0.135301
 0.000474 0.126815
 0.000475 0.118292
 0.000476 0.109732
 0.000477 0.101135
 0.000478 0.092503
 0.000479 0.083840
 0.000480 0.075147
 0.000481 0.066429
 0.000482 0.057691
 0.000483 0.048940
 0.000484 0.040181
 0.000485 0.031423
 0.000486 0.022675
 0.000487 0.013944
 0.000488 0.005243
 0.000489 -0.003417
 0.000490 -0.012025
 0.000491 -0.020564
 0.000492 -0.029017
 0.000493 -0.037294
 0.000494 -0.040744
 0.000494 -0.043649
 0.000495 -0.046143
 0.000495 -0.048313
 0.000496 -0.050216
 0.000496 -0.051891
 0.000497 -0.053362
 0.000497 -0.054646
 0.000498 -0.055753
 0.000498 -0.056691
 0.000499 -0.057464
 0.000499 -0.058074
 0.000500 -0.058523
 0.000500 -0.058813
 0.000501 -0.058945
 0.000501 -0.058918
 0.000502 -0.058733
 0.000502 -0.058392
 0.000503 -0.057894
 0.000503 -0.057240
 0.000504 -0.056431
 0.000504 -0.055469
 0.000505 -0.054353
 0.000505 -0.053085
 0.000506 -0.051667
 0.000506 -0.050100
 0.000507 -0.048385
 0.000507 -0.046525
 0.000508 -0.044521
 0.000508 -0.042374
 0.000509 -0.040089
 0.000509 -0.037666
 0.000510 -0.035108
 0.000510 -0.032418
 0.000511 -0.029598
 0.000511 -0.026651
 0.000512 -0.023581
 0.000512 -0.020389
 0.000513 -0.017081
 0.000513 -0.013658
 0.000514 -0.010124
 0.000514 -0.006483
 0.000515 -0.002738
 0.000515 0.001107
 0.000516 0.005047
 0.000516 0.009080
 0.000517 0.013201
 0.000517 0.017406
 0.000518 0.021690
 0.000518 0.026050
 0.000519 0.030481
 0.000519 0.034979
 0.000520 0.039539
 0.000520 0.044157
 0.000521 0.048828
 0.000521 0.053547
 0.000522 0.058310
 0.000522 0.063112
 0.000523 0.067948
 0.000523 0.072813
 0.000524 0.077703
 0.000524 0.082613
 0.000525 0.092474
 0.000526 0.102351
 0.000527 0.112211
 0.000528 0.122018
 0.000529 0.131736
 0.000530 0.141326
 0.000531 0.150750
 0.000532 0.159971
 0.000533 0.168952
 0.000534 0.177657
 0.000535 0.186053
 0.000536 0.194104
 0.000537 0.201780
 0.000538 0.209049
 0.000539 0.215883
 0.000540 0.222253
 0.000541 0.228135
 0.000542 0.233504
 0.000543 0.238340
 0.000544 0.242623
 0.000545 0.246335
 0.000546 0.249462
 0.000547 0.251990
 0.000548 0.253910
 0.000549 0.255213
 0.000550 0.255894
 0.000551 0.255950
 0.000552 0.255380
 0.000553 0.254186
 0.000554 0.252372
 0.000555 0.249946
 0.000556 0.246915
 0.000557 0.243293
 0.000558 0.239093
 0.000559 0.234331
 0.000560 0.229025
 0.000561 0.223196
 0.000562 0.216867
 0.000563 0.210062
 0.000564 0.202808
 0.000565 0.195133
 0.000566 0.187066
 0.000567 0.178644
 0.000568 0.170113
 0.000569 0.161549
 0.000570 0.152957
 0.000571 0.144338
 0.000572 0.135691
 0.000573 0.127013
 0.000574 0.118306
 0.000575 0.109567
 0.000576 0.100798
 0.000577 0.091999
 0.000578 0.083173
 0.000579 0.074321
 0.000580 0.065447
 0.000581 0.056556
 0.000582 0.047652
 0.000583 0.038742
 0.000584 0.029832
 0.000585 0.020930
 0.000586 0.012046
 0.000587 0.003188
 0.000588 -0.005632
 0.000589 -0.014403
 0.000590 -0.023108
 0.000591 -0.031727
 0.000592 -0.039661
 0.000593 -0.045877
 0.000594 -0.050946
 0.000595 -0.055146
 0.000596 -0.058612
 0.000597 -0.061406
 0.000598 -0.063553
 0.000599 -0.065065
 0.000600 -0.065945
 0.000601 -0.066196
 0.000602 -0.065818
 0.000603 -0.064815
 0.000604 -0.063191
 0.000605 -0.060954
 0.000606 -0.058113
 0.000607 -0.054680
 0.000608 -0.050668
 0.000609 -0.046094
 0.000610 -0.040977
 0.000611 -0.035336
 0.000612 -0.029195
 0.000613 -0.022577
 0.000614 -0.015511
 0.000615 -0.008023
 0.000616 -0.000143
 0.000617 0.008096
 0.000618 0.016662
 0.000619 0.025521
 0.000620 0.034637
 0.000621 0.043975
 0.000622 0.053496
 0.000623 0.063164
 0.000624 0.072939
 0.000625 0.082783
 0.000626 0.092656
 0.000627 0.102519
 0.000628 0.112333
 0.000629 0.122059
 0.000630 0.131657
 0.000631 0.141090
 0.000632 0.150321
 0.000633 0.159311
 0.000634 0.168027
 0.000635 0.176432
 0.000636 0.184493
 0.000637 0.192178
 0.000638 0.199457
 0.000639 0.206300
 0.000640 0.212680
 0.000641 0.218571
 0.000642 0.223950
 0.000643 0.228796
 0.000644 0.233088
 0.000645 0.236810
 0.000646 0.239946
 0.000647 0.242484
 0.000648 0.244413
 0.000649 0.245726
 0.000650 0.246416
 0.000651 0.246481
 0.000652 0.245921
 0.000653 0.244736
 0.000654 0.242932
 0.000655 0.240515
 0.000656 0.237494
 0.000657 0.233882
 0.000658 0.229691
 0.000659 0.224938
 0.000660 0.219642
 0.000661 0.213822
 0.000662 0.207502
 0.000663 0.200707
 0.000664 0.193462
 0.000665 0.185796
 0.000666 0.177739
 0.000667 0.169322
 0.000668 0.160632
 0.000669 0.151893
 0.000670 0.143126
 0.000671 0.134334
 0.000672 0.125517
 0.000673 0.116674
 0.000674 0.107805
 0.000675 0.098910
 0.000676 0.089989
 0.000677 0.081043
 0.000678 0.072074
 0.000679 0.063086
 0.000680 0.054080
 0.000681 0.045063
 0.000682 0.036038
 0.000683 0.027013
 0.000684 0.017993
 0.000685 0.008988
 0.000686 0.000005
 0.000687 -0.008944
 0.000688 -0.017849
 0.000689 -0.026694
 0.000690 -0.035458
 0.000691 -0.043522
 0.000692 -0.050076
 0.000693 -0.055595
 0.000694 -0.060310
 0.000695 -0.064329
 0.000696 -0.067700
 0.000697 -0.070442
 0.000698 -0.072559
 0.000699 -0.074051
 0.000700 -0.074917
 0.000701 -0.075156
 0.000702 -0.074767
 0.000703 -0.073755
 0.000704 -0.072122
 0.000705 -0.069876
 0.000706 -0.067026
 0.000707 -0.063583
 0.000708 -0.059563
 0.000709 -0.054980
 0.000710 -0.049854
 0.000711 -0.044204
 0.000712 -0.038054
 0.000713 -0.031428
 0.000714 -0.024352
 0.000715 -0.016855
 0.000716 -0.008967
 0.000717 -0.000719
 0.000718 0.007856
 0.000719 0.016723
 0.000720 0.025849
 0.000721 0.035195
 0.000722 0.044725
 0.000723 0.054402
 0.000724 0.064186
 0.000725 0.074038
 0.000726 0.083920
 0.000727 0.093792
 0.000728 0.103614
 0.000729 0.113349
 0.000730 0.122956
 0.000731 0.132398
 0.000732 0.141637
 0.000733 0.150636
 0.000734 0.159360
 0.000735 0.167774
 0.000736 0.175844
 0.000737 0.183538
 0.000738 0.190825
 0.000739 0.197677
 0.000740 0.204065
 0.000741 0.209965
 0.000742 0.215353
 0.000743 0.220207
 0.000744 0.224508
 0.000745 0.228238
 0.000746 0.231383
 0.000747 0.233929
 0.000748 0.235867
 0.000749 0.237188
 0.000750 0.237887
 0.000751 0.237961
 0.000752 0.237409
 0.000753 0.236233
 0.000754 0.234437
 0.000755 0.232029
 0.000756 0.229017
 0.000757 0.225413
 0.000758 0.221230
 0.000759 0.216486
 0.000760 0.211198
 0.000761 0.205387
 0.000762 0.199075
 0.000763 0.192288
 0.000764 0.185052
 0.000765 0.177394
 0.000766 0.169346
 0.000767 0.160937
 0.000768 0.152203
 0.000769 0.143335
 0.000770 0.134435
 0.000771 0.125511
 0.000772 0.116564
 0.000773 0.107594
 0.000774 0.098602
 0.000775 0.089586
 0.000776 0.080548
 0.000777 0.071489
 0.000778 0.062412
 0.000779 0.053317
 0.000780 0.044211
 0.000781 0.035096
 0.000782 0.025978
 0.000783 0.016864
 0.000784 0.007760
 0.000785 -0.001326
 0.000786 -0.010383
 0.000787 -0.019402
 0.000788 -0.028368
 0.000789 -0.037263
 0.000790 -0.045713
 0.000791 -0.052723
 0.000792 -0.058744
 0.000793 -0.063993
 0.000794 -0.068569
 0.000795 -0.072514
 0.000796 -0.075845
 0.000797 -0.078561
 0.000798 -0.080662
 0.000799 -0.082142
 0.000800 -0.082998
 0.000801 -0.083228
 0.000802 -0.082831
 0.000803 -0.081810
 0.000804 -0.080169
 0.000805 -0.077914
 0.000806 -0.075056
 0.000807 -0.071606
 0.000808 -0.067578
 0.000809 -0.062987
 0.000810 -0.057852
 0.000811 -0.052195
 0.000812 -0.046037
 0.000813 -0.039402
 0.000814 -0.032319
 0.000815 -0.024814
 0.000816 -0.016918
 0.000817 -0.008662
 0.000818 -0.000079
 0.000819 0.008796
 0.000820 0.017930
 0.000821 0.027284
 0.000822 0.036822
 0.000823 0.046507
 0.000824 0.056298
 0.000825 0.066159
 0.000826 0.076048
 0.000827 0.085928
 0.000828 0.095759
 0.000829 0.105501
 0.000830 0.115116
 0.000831 0.124566
 0.000832 0.133813
 0.000833 0.142820
 0.000834 0.151551
 0.000835 0.159973
 0.000836 0.168051
 0.000837 0.175752
 0.000838 0.183047
 0.000839 0.189907
 0.000840 0.196303
 0.000841 0.202211
 0.000842 0.207607
 0.000843 0.212468
 0.000844 0.216777
 0.000845 0.220515
 0.000846 0.223667
 0.000847 0.226221
 0.000848 0.228167
 0.000849 0.229496
 0.000850 0.230202
 0.000851 0.230284
 0.000852 0.229740
 0.000853 0.228571
 0.000854 0.226783
 0.000855 0.224382
 0.000856 0.221378
 0.000857 0.217781
 0.000858 0.213607
 0.000859 0.208870
 0.000860 0.203589
 0.000861 0.197786
 0.000862 0.191482
 0.000863 0.184703
 0.000864 0.177474
 0.000865 0.169824
 0.000866 0.161783
 0.000867 0.153382
 0.000868 0.144655
 0.000869 0.135695
 0.000870 0.126692
 0.000871 0.117665
 0.000872 0.108616
 0.000873 0.099546
 0.000874 0.090455
 0.000875 0.081345
 0.000876 0.072214
 0.000877 0.063066
 0.000878 0.053901
 0.000879 0.044724
 0.000880 0.035537
 0.000881 0.026345
 0.000882 0.017153
 0.000883 0.007968
 0.000884 -0.001202
 0.000885 -0.010350
 0.000886 -0.019466
 0.000887 -0.028538
 0.000888 -0.037549
 0.000889 -0.046432
 0.000890 -0.053974
 0.000891 -0.060526
 0.000892 -0.066314
 0.000893 -0.071443
 0.000894 -0.075955
 0.000895 -0.079865
 0.000896 -0.083174
 0.000897 -0.085876
 0.000898 -0.087966
 0.000899 -0.089437
 0.000900 -0.090285
 0.000901 -0.090507
 0.000902 -0.090102
 0.000903 -0.089074
 0.000904 -0.087425
 0.000905 -0.085164
 0.000906 -0.082299
 0.000907 -0.078841
 0.000908 -0.074805
 0.000909 -0.070207
 0.000910 -0.065066
 0.000911 -0.059401
 0.000912 -0.053235
 0.000913 -0.046594
 0.000914 -0.039503
 0.000915 -0.031991
 0.000916 -0.024088
 0.000917 -0.015825
 0.000918 -0.007235
 0.000919 0.001648
 0.000920 0.010788
 0.000921 0.020150
 0.000922 0.029695
 0.000923 0.039386
 0.000924 0.049185
 0.000925 0.059053
 0.000926 0.068950
 0.000927 0.078836
 0.000928 0.088674
 0.000929 0.098423
 0.000930 0.108045
 0.000931 0.117502
 0.000932 0.126756
 0.000933 0.135771
 0.000934 0.144509
 0.000935 0.152938
 0.000936 0.161023
 0.000937 0.168731
 0.000938 0.176033
 0.000939 0.182900
 0.000940 0.189303
 0.000941 0.195218
 0.000942 0.200621
 0.000943 0.205489
 0.000944 0.209805
 0.000945 0.213550
 0.000946 0.216709
 0.000947 0.219270
 0.000948 0.221223
 0.000949 0.222558
 0.000950 0.223272
 0.000951 0.223360
 0.000952 0.222823
 0.000953 0.221662
 0.000954 0.219881
 0.000955 0.217487
 0.000956 0.214489
 0.000957 0.210899
 0.000958 0.206731
 0.000959 0.202002
 0.000960 0.196728
 0.000961 0.190932
 0.000962 0.184635
 0.000963 0.177862
 0.000964 0.170640
 0.000965 0.162997
 0.000966 0.154963
 0.000967 0.146569
 0.000968 0.137848
 0.000969 0.128843
 0.000970 0.119760
 0.000971 0.110650
 0.000972 0.101519
 0.000973 0.092368
 0.000974 0.083199
 0.000975 0.074011
 0.000976 0.064806
 0.000977 0.055585
 0.000978 0.046351
 0.000979 0.037106
 0.000980 0.027853
 0.000981 0.018599
 0.000982 0.009348
 0.000983 0.000106
 0.000984 -0.009118
 0.000985 -0.018316
 0.000986 -0.027479
 0.000987 -0.036591
 0.000988 -0.045625
 0.000989 -0.053854
 0.000990 -0.061003
 0.000991 -0.067354
 0.000992 -0.073039
 0.000993 -0.078112
 0.000994 -0.082593
 0.000995 -0.086485
 0.000996 -0.089781
 0.000997 -0.092474
 0.000998 -0.094555
 0.000999 -0.096019
 0.001000 -0.096860
